210 128
152 112
230 162
248 116
268 122
225 87
573 175
660 176
563 157
275 201
252 112
257 148
556 144
225 87
204 134
251 141
314 166
225 87
495 170
166 122
222 114
242 122
194 128
268 137
210 102
277 128
665 255
281 139
294 138
538 142
432 288
552 306
517 302
509 151
528 186
195 117
256 108
221 104
592 143
224 88
178 172
265 141
170 94
225 167
225 167
194 118
505 175
557 163
562 274
232 160
281 139
229 96
244 120
221 104
588 273
234 91
229 135
258 120
610 248
168 120
240 138
281 109
209 116
174 114
214 178
235 90
276 252
162 113
266 139
250 170
258 162
210 128
653 307
263 157
214 124
435 285
243 192
250 100
258 117
227 124
275 269
235 185
210 98
296 200
631 249
249 141
651 273
268 122
229 135
156 132
265 125
222 103
303 102
254 152
214 124
184 180
262 143
235 116
264 100
215 71
125 64
110 34
282 114
112 50
328 212
263 145
125 75
124 76
143 100
127 69
173 47
143 81
299 181
425 177
93 63
102 42
309 146
112 77
238 158
160 90
276 109
154 116
126 49
111 63
99 45
278 130
55 33
74 51
125 57
168 107
105 63
120 48
105 51
160 110
101 37
155 125
144 18
189 72
113 62
99 45
108 100
144 18
113 43
99 45
112 77
145 95
71 39
108 36
102 73
261 179
105 51
130 73
239 124
106 44
125 50
148 60
111 39
135 135
119 115
108 36
111 39
138 132
110 40
117 79
102 36
129 141
97 59
64 66
142 66
128 88
352 236
158 227
127 98
137 95
127 62
172 202
136 88
130 73
119 115
111 57
124 65
93 42
319 121
119 70
96 48
138 51
136 150
129 105
121 104
148 60
92 64
256 118
130 113
293 127
91 71
130 95
124 58
94 50
317 125
106 44
176 110
280 200
179 133
227 133
237 127
193 119
240 176
255 289
245 349
521 199
172 140
592 185
244 161
250 170
231 107
455 210
517 239
277 250
193 83
366 334
279 156
236 199
239 225
237 138
212 100
500 200
237 113
490 175
211 125
215 249
226 177
182 182
173 139
177 148
203 135
426 277
137 127
221 239
269 243
240 176
329 247
248 142
329 247
255 109
188 100
161 151
208 130
203 148
218 107
195 105
226 177
186 152
154 99
405 393
229 135
188 137
230 162
216 134
174 151
215 121
262 218
262 158
227 253
456 363
492 348
259 131
250 114
242 163
201 219
246 146
197 141
215 214
260 118
320 192
197 115
209 155
220 185
160 128
233 117
213 177
185 140
572 418
186 78
276 204
223 89
247 218
223 155
260 205
504 231
221 171
229 135
167 158
214 137
473 355
138 138
244 191
211 139
194 222
236 124
271 194
329 147
238 168
213 112
258 177
413 267
213 112
448 179
166 120
165 123
238 168
424 298
217 95
197 115
406 314
218 107
241 123
260 220
197 115
208 156
169 156
453 339
225 111
254 211
532 356
200 112
215 175
238 98
208 156
186 102
218 178
329 147
226 124
203 147
230 148
219 93
274 176
166 122
225 125
151 102
198 127
183 129
180 145
264 100
223 212
211 127
275 102
229 161
246 104
174 114
224 168
204 121
213 165
232 118
201 137
257 93
491 209
190 110
199 101
207 118
241 123
232 174
206 154
548 280
462 238
240 152
220 209
228 164
224 126
185 179
218 198
253 152
203 157
261 117
212 139
299 213
177 161
273 161
260 145
484 272
242 136
168 108
519 216
308 252
175 163
221 143
249 167
191 173
214 98
204 95
492 476
251 169
229 135
167 133
221 169
231 228
213 151
175 78
245 175
191 173
236 154
471 321
236 223
158 167
237 205
135 141
270 194
192 185
202 148
178 98
175 98
205 120
205 227
194 181
251 245
199 139
217 173
169 167
196 116
200 136
274 426
230 229
186 114
127 149
198 127
253 179
192 185
159 177
217 215
122 142
185 165
191 145
194 170
246 146
560 430
157 179
274 219
185 165
250 155
171 141
129 159
186 114
161 151
153 159
225 223
266 278
203 133
117 143
197 153
153 146
151 149
280 296
189 136
181 155
213 151
235 185
209 155
234 186
210 126
180 108
245 175
180 142
205 200
237 205
160 215
181 118
105 148
104 138
198 140
202 148
233 263
212 193
175 245
216 148
203 261
172 150
222 183
133 179
224 303
124 118
184 236
187 218
476 272
192 158
219 117
265 199
217 188
285 179
228 177
186 126
186 178
181 169
189 136
205 275
200 220
124 151
222 168
207 168
179 255
224 126
210 140
605 297
487 273
296 94
247 131
165 88
216 120
305 130
217 133
224 101
199 87
245 105
249 87
305 130
201 85
457 263
309 126
289 103
230 162
229 71
602 256
226 86
248 130
224 101
227 111
193 143
494 152
245 80
508 227
471 348
221 143
212 112
202 136
243 82
486 214
221 143
549 131
232 146
188 88
217 71
193 132
500 180
507 275
198 90
257 94
471 232
201 149
255 182
252 138
335 177
250 170
250 100
245 105
264 74
239 73
166 194
261 64
210 126
231 57
287 145
242 94
493 284
236 169
226 99
257 121
184 104
214 86
245 93
240 85
202 123
304 112
290 130
540 144
221 91
256 94
226 99
226 112
253 167
298 137
310 140
214 124
204 121
237 127
558 162
259 144
225 139
267 125
524 176
262 158
225 113
304 131
577 143
256 164
225 139
566 253
209 116
245 175
221 79
157 107
225 87
245 147
179 121
202 110
205 159
201 111
206 106
303 145
203 122
216 148
605 451
445 275
326 150
240 138
202 136
465 235
297 151
242 108
164 112
215 110
323 83
195 117
192 133
251 37
220 116
192 133
326 150
212 152
211 139
252 86
226 138
234 130
211 139
229 121
217 121
303 145
242 148
221 129
160 128
190 98
203 147
182 106
306 71
294 216
169 155
224 101
203 122
216 122
234 116
212 152
273 117
240 138
516 204
195 93
246 160
206 119
297 151
206 119
195 130
233 131
446 294
209 155
231 147
196 116
218 132
258 132
202 110
197 167
420 226
218 160
244 148
447 293
181 157
210 128
200 125
208 142
203 135
205 120
244 146
211 140
286 89
198 114
176 132
201 124
220 144
248 172
212 133
238 182
497 238
208 104
205 107
209 103
212 100
200 125
172 116
184 167
169 95
230 134
203 96
207 131
222 128
256 134
170 130
455 301
168 120
167 145
186 138
331 353
464 472
418 302
170 130
170 130
499 315
225 195
196 129
173 115
178 147
186 152
185 153
193 132
534 386
216 190
187 151
186 152
168 131
182 143
192 172
385 299
418 266
367 279
509 371
258 342
435 393
415 285
355 325
504 416
234 216
161 127
386 260
164 136
119 134
158 130
180 145
180 132
478 341
184 141
167 171
213 222
196 154
384 246
180 158
152 136
186 152
397 268
403 338
229 233
160 140
206 244
182 224
181 157
185 153
189 149
145 143
160 152
173 139
89 197
176 216
250 215
152 148
206 172
167 133
108 122
193 145
185 207
155 157
202 149
174 138
208 198
165 160
142 133
345 303
200 178
186 139
156 182
186 139
197 180
142 194
205 201
184 141
200 206
142 170
213 192
143 157
181 169
169 155
159 165
179 172
436 284
170 142
187 138
201 219
415 341
323 109
249 63
287 77
642 209
302 88
311 53
260 65
307 157
521 144
636 178
263 49
282 182
251 74
222 77
759 341
253 139
188 65
224 88
567 213
587 113
187 77
256 56
295 121
311 121
512 134
328 136
262 63
263 97
262 63
281 109
266 98
246 53
516 144
655 203
246 118
281 133
286 104
220 170
574 186
580 225
336 144
566 134
220 170
261 64
212 76
252 84
309 96
263 114
283 81
543 171
278 142
262 102
338 172
276 62
202 86
562 141
249 76
228 110
249 89
279 71
165 99
291 159
266 59
275 145
280 70
319 176
232 56
282 153
234 54
254 181
278 72
243 56
259 66
379 143
213 87
249 89
276 60
279 71
273 147
378 173
219 81
276 74
188 65
314 76
331 181
218 46
385 166
200 88
215 123
264 126
243 82
229 59
333 99
268 96
361 71
274 101
628 164
339 126
205 95
252 112
486 234
518 296
218 107
234 201
530 372
469 231
238 168
178 98
194 144
143 110
570 178
430 197
256 56
236 128
236 199
407 391
534 368
590 158
225 180
564 218
222 142
283 344
566 492
463 317
217 147
199 113
352 128
267 138
217 95
236 128
215 97
189 99
200 88
273 159
232 160
213 112
173 165
208 117
192 120
180 171
433 247
421 225
213 112
210 115
261 232
137 93
428 218
294 156
200 112
251 127
216 96
221 117
211 167
129 101
144 132
142 170
258 132
212 138
215 163
122 112
455 259
217 147
226 124
220 158
179 97
223 155
224 127
210 115
219 117
239 226
176 100
235 140
215 163
225 139
439 283
204 121
193 132
216 109
184 167
233 92
496 204
234 130
145 125
191 73
162 113
235 129
226 224
155 131
472 228
184 92
142 144
248 144
162 138
235 185
178 173
188 163
208 130
235 129
206 144
191 133