6 10 9 7 52 20 14 2 10 6 18 54 7 13 18 2 76 14
1 8 7 2 46 8 8 1 7 2 14 40 9 6 13 2 47 43
2 14 10 6 75 5 12 4 8 8 17 63 13 11 17 7 76 44
4 12 13 3 65 7 15 1 10 6 28 44 16 8 19 5 78 30
9 16 22 3 72 8 25 0 8 17 23 57 13 12 24 1 72 8
6 10 14 2 55 9 15 1 11 5 29 35 10 10 19 1 66 14
35 14 47 2 99 41 44 5 27 22 79 61 31 25 56 0 155 5
19 30 42 7 144 24 42 7 37 12 107 61 37 19 56 0 176 16
10 26 31 5 134 10 31 5 30 6 81 63 31 17 47 1 168 24
2 14 11 5 71 33 14 2 10 6 30 74 18 6 19 5 100 56
3 13 11 5 56 16 14 2 12 4 38 34 19 5 20 4 79 29
10 15 20 5 66 19 25 0 6 19 22 63 18 7 21 4 69 16
15 21 34 2 111 27 35 1 26 10 92 46 37 11 46 2 160 24
6 10 12 4 60 4 16 0 8 8 25 39 14 6 19 1 65 15
3 13 11 5 56 16 14 2 8 8 25 47 17 3 15 5 55 35
6 10 15 1 68 12 16 0 7 9 19 61 17 7 18 6 85 35
9 16 19 6 76 34 24 1 4 21 42 68 19 6 21 4 100 10
6 10 12 4 60 4 16 0 8 8 25 39 14 6 19 1 65 15
12 24 31 5 117 21 33 3 20 16 75 63 26 16 40 2 141 20
6 10 13 3 42 22 15 1 4 12 16 48 6 10 14 2 50 14
14 2 16 0 62 2 16 0 4 12 15 49 21 3 16 8 58 38
2 14 10 6 57 15 14 2 13 3 37 35 19 5 20 4 70 38
3 13 13 3 53 7 14 2 8 8 14 46 18 6 17 7 54 36
7 18 19 6 70 15 24 1 11 14 30 55 13 12 23 2 71 14
3 13 13 3 51 13 13 3 11 5 30 34 9 11 19 1 61 19
9 16 22 3 76 9 21 4 8 17 31 54 14 11 24 1 72 13
17 32 45 4 140 42 44 5 27 22 95 87 38 25 59 4 200 34
2 23 13 12 66 24 22 3 17 8 47 43 17 8 22 3 75 15
8 17 19 6 65 20 24 1 15 10 39 46 15 15 26 4 83 19
17 19 34 2 118 14 35 1 22 14 76 56 34 14 46 2 156 20
0 36 6 30 91 53 6 30 34 2 95 49 21 27 45 3 134 58
14 35 38 11 133 42 44 5 16 33 68 107 31 25 45 11 163 37
21 28 43 6 135 40 42 7 3 46 51 124 38 11 37 12 147 28
10 26 27 9 115 11 33 3 24 12 72 54 43 5 42 6 143 25
24 25 47 2 110 30 46 3 17 32 78 62 31 18 48 1 127 13
3 13 12 4 57 7 14 2 8 8 19 45 13 7 15 5 54 26
2 14 11 5 54 18 12 4 14 2 45 27 13 11 22 2 83 25
6 10 14 2 62 6 16 0 8 8 25 43 16 4 15 5 59 26
26 23 47 2 132 15 48 1 27 22 94 53 32 17 49 0 137 10
6 10 13 3 57 7 16 0 8 8 32 32 17 3 16 4 59 21
1 15 8 8 44 24 11 5 8 8 13 55 19 5 15 9 59 43
3 13 13 3 73 11 12 4 12 4 38 46 13 11 21 3 80 46
6 10 15 1 45 11 16 0 4 12 12 44 9 7 15 1 48 8
3 13 11 5 64 16 15 1 8 8 22 58 18 6 16 8 68 52
3 13 11 5 64 16 15 1 8 8 22 58 18 6 16 8 68 52
5 11 13 3 60 4 13 3 4 12 17 47 8 12 16 4 58 22
11 25 29 7 109 23 34 2 26 10 77 55 32 16 42 6 145 31
10 26 30 6 130 14 31 5 30 6 82 62 34 14 46 2 164 28
18 31 39 10 137 31 48 1 17 32 71 97 37 19 46 10 149 43
5 11 13 3 65 15 15 1 6 10 16 64 16 8 17 7 79 41
2 23 13 12 66 24 22 3 17 8 47 43 17 8 22 3 75 15
6 10 15 1 65 3 14 2 11 5 18 50 9 11 20 0 71 14
5 11 14 2 61 11 15 1 8 8 30 42 15 9 19 5 77 31
8 8 15 1 64 4 16 0 8 8 17 51 16 4 17 3 60 25
18 31 46 3 170 19 44 5 12 37 59 130 22 27 46 3 171 18
5 11 14 2 62 6 14 2 12 4 30 38 16 4 18 2 63 22
4 12 13 3 62 10 14 2 8 8 24 48 11 13 19 5 74 34
3 13 14 2 65 11 14 2 11 5 35 41 11 13 20 4 85 29
20 29 41 8 157 18 47 2 22 27 85 90 34 22 52 4 152 48
9 7 13 3 42 22 16 0 1 15 17 47 8 8 12 4 50 14
6 10 15 1 71 5 14 2 11 5 18 58 12 12 21 3 72 42
9 16 19 6 68 12 25 0 8 17 38 42 22 3 21 4 71 9
3 13 11 5 56 12 13 3 11 5 25 43 13 7 18 2 59 26
6 10 12 4 52 12 16 0 2 14 16 48 15 1 9 7 46 18
6 10 15 1 65 15 16 0 3 13 19 61 19 5 14 10 57 63
6 10 15 1 62 6 14 2 10 6 30 38 11 9 18 2 69 16
10 15 20 5 63 52 21 4 1 24 32 83 13 17 21 9 95 43
3 6 9 0 50 7 9 0 7 2 13 44 7 8 12 3 52 43
10 15 22 3 51 34 21 4 13 12 42 43 10 15 25 0 72 13
9 16 21 4 75 15 21 4 6 19 21 69 14 11 22 3 61 29
5 11 13 3 65 23 15 1 7 9 22 66 14 10 21 3 96 36
6 10 9 7 52 20 14 2 10 6 18 54 7 13 18 2 76 14
24 40 53 11 164 28 58 6 25 39 76 116 24 40 58 6 171 21
13 12 22 3 69 21 25 0 2 23 23 67 13 12 23 2 73 17
4 12 12 4 61 11 14 2 9 7 28 44 9 11 17 3 60 30
14 22 33 3 128 16 35 1 6 30 33 111 27 21 33 15 126 66
6 19 20 5 69 26 22 3 6 19 22 73 13 12 21 4 64 31
6 10 14 2 55 13 14 2 12 4 37 31 13 11 22 2 77 25
9 16 20 5 61 14 21 4 8 17 34 41 13 12 25 0 67 8
6 10 14 2 71 5 15 1 7 9 18 58 14 6 16 4 66 29
11 14 22 3 67 43 23 2 2 23 25 85 10 25 21 14 94 60
9 16 17 8 59 31 25 0 0 25 20 70 14 11 19 6 72 18
1 8 7 2 59 7 7 2 9 0 32 34 7 8 14 1 74 36
13 12 24 1 69 36 24 1 2 23 30 75 11 19 22 8 101 25
14 35 41 8 159 23 43 6 24 25 81 101 34 22 52 4 183 25
9 16 21 4 60 20 23 2 12 13 22 58 13 12 23 2 66 14
20 29 41 8 157 39 44 5 34 15 88 108 15 41 50 6 202 22
7 18 18 7 68 12 24 1 10 15 35 45 22 3 21 4 63 17
4 12 13 3 62 10 14 2 8 8 24 48 11 13 19 5 74 34
5 11 12 4 47 17 14 2 2 14 14 50 10 6 12 4 40 24
12 13 20 5 60 20 25 0 6 19 36 44 16 9 22 3 68 12
3 13 12 4 63 5 13 3 11 5 26 42 15 5 17 3 62 23
11 14 24 1 78 7 24 1 10 15 35 50 17 8 25 0 79 6
3 13 11 5 69 15 15 1 11 5 33 51 17 7 20 4 75 51
4 12 12 4 61 11 14 2 9 7 28 44 9 11 17 3 60 30
3 13 14 2 58 22 13 3 7 9 14 66 7 13 15 5 53 47
13 12 23 2 69 16 25 0 1 24 23 62 19 6 21 4 68 17
8 8 16 0 72 4 16 0 5 11 19 57 13 7 17 3 69 26
4 12 13 3 65 7 15 1 12 4 34 38 20 4 20 4 81 27
3 6 6 3 59 1 7 2 9 0 42 18 11 4 15 0 63 37
0 4 3 1 8 38 1 3 4 0 30 16 4 2 6 0 69 0
0 4 3 1 13 27 3 1 4 0 40 0 4 0 4 0 39 1
0 9 4 5 11 79 5 4 9 0 74 16 15 0 15 0 149 1
1 3 4 0 6 40 4 0 4 0 39 7 4 0 4 0 46 0
1 24 19 6 16 114 18 7 25 0 72 58 22 3 25 0 130 0
10 6 16 0 5 99 16 0 16 0 84 20 7 9 10 6 99 5
1 3 4 0 5 37 3 1 4 0 9 33 7 1 8 0 84 0
0 4 3 1 5 37 3 1 4 0 12 30 5 3 8 0 84 0
0 9 4 5 12 51 3 6 9 0 35 28 8 1 9 0 63 0
0 4 3 1 6 42 2 2 4 0 28 20 6 0 6 0 72 0
0 9 7 2 13 35 8 1 9 0 48 0 12 0 12 0 64 0
1 3 4 0 5 43 4 0 4 0 13 35 8 0 8 0 96 0
1 15 12 4 8 120 12 4 16 0 91 37 15 1 16 0 128 0
2 14 13 3 25 115 13 3 16 0 107 33 19 5 21 3 209 1
0 4 1 3 6 38 3 1 4 0 28 16 3 1 4 0 44 0
0 4 1 3 7 33 2 2 4 0 40 0 4 0 4 0 40 0
1 15 14 2 6 102 12 4 16 0 92 16 15 5 20 0 133 2
0 4 1 3 8 38 1 3 4 0 42 4 4 2 6 0 46 23
8 8 15 1 3 97 16 0 16 0 67 33 7 9 12 4 94 6
0 9 5 4 7 50 5 4 9 0 34 23 12 0 12 0 76 0
0 9 5 4 12 75 5 4 9 0 74 13 11 4 15 0 145 0
0 9 4 5 12 51 4 5 9 0 20 43 9 3 12 0 84 0
0 4 3 1 6 36 3 1 4 0 42 0 5 1 6 0 57 6
0 4 1 3 8 42 1 3 4 0 40 10 3 1 4 0 50 0
0 4 3 1 5 35 3 1 4 0 39 1 1 3 4 0 40 0
7 9 16 0 8 96 15 1 16 0 90 14 9 7 13 3 104 0
0 1 0 1 4 16 0 1 1 0 6 14 2 0 2 0 40 0
0 1 0 1 3 20 0 1 1 0 4 19 3 0 3 0 60 9
0 4 3 1 5 39 3 1 4 0 43 1 3 3 4 2 60 6
0 9 3 6 9 48 3 6 9 0 21 36 13 2 15 0 95 0
1 3 4 0 7 41 4 0 4 0 29 19 4 0 4 0 48 0
0 4 3 1 5 35 3 1 4 0 33 7 6 0 6 0 60 0
1 3 3 1 3 41 3 1 4 0 39 5 4 0 4 0 44 0
0 9 6 3 11 52 5 4 9 0 21 42 12 0 12 0 84 0
0 4 3 1 6 32 4 0 4 0 38 0 4 0 4 0 38 0
3 6 9 0 7 59 7 2 9 0 46 20 1 11 4 8 69 19
0 4 3 1 36 10 3 1 4 0 46 0 4 0 4 0 44 2
1 8 7 2 10 59 8 1 9 0 68 1 8 1 9 0 69 0
1 3 3 1 3 39 4 0 4 0 24 18 5 1 6 0 63 0
0 4 1 3 6 34 1 3 4 0 40 0 3 1 4 0 40 0
0 4 0 4 8 36 0 4 1 3 13 31 4 4 8 0 74 14
0 4 3 1 36 10 3 1 4 0 46 0 4 0 4 0 44 2
0 4 3 1 7 37 3 1 4 0 44 0 4 0 4 0 44 0
0 4 3 1 5 35 3 1 4 0 39 1 1 3 4 0 40 0
0 4 1 3 8 38 1 3 4 0 42 4 4 2 6 0 46 23
0 9 6 3 8 46 6 3 9 0 22 32 10 2 12 0 72 0
0 1 0 1 2 18 0 1 0 1 4 16 2 1 3 0 60 0
3 1 4 0 5 35 4 0 4 0 40 0 4 0 4 0 40 0
0 4 3 1 4 38 3 1 4 0 13 29 6 0 6 0 63 0
0 9 4 5 8 94 1 8 9 0 44 58 11 4 15 0 169 1
1 3 3 1 3 41 3 1 4 0 39 5 4 0 4 0 44 0
0 4 1 3 4 46 1 3 4 0 33 17 6 0 6 0 75 0
3 6 7 2 6 75 8 1 9 0 45 36 14 1 15 0 132 3
0 4 3 1 5 37 2 2 4 0 42 0 4 0 4 0 42 0
0 4 3 1 5 37 2 2 4 0 37 5 5 1 6 0 63 0
0 4 2 2 9 35 0 4 4 0 36 8 4 4 8 0 85 3
0 4 3 1 9 33 3 1 4 0 42 0 4 0 4 0 42 0
3 6 8 1 0 63 9 0 9 0 19 44 5 7 6 6 76 8
0 9 3 6 9 51 3 6 9 0 19 41 7 2 9 0 60 0
1 3 4 0 8 32 4 0 4 0 40 0 4 0 4 0 39 1
1 3 4 0 7 35 3 1 4 0 42 0 4 0 4 0 42 0
3 6 9 0 5 58 8 1 9 0 24 39 2 10 6 6 72 12
1 3 4 0 7 35 3 1 4 0 42 0 3 1 4 0 42 0
0 4 0 4 4 44 1 3 4 0 28 20 6 0 6 0 68 4
1 3 4 0 6 32 4 0 4 0 37 1 4 0 4 0 38 0
4 5 8 1 5 67 6 3 9 0 63 9 5 4 6 3 23 49
1 3 4 0 5 39 3 1 4 0 28 16 4 0 4 0 44 0
0 1 0 1 2 22 0 1 1 0 3 21 3 0 3 0 52 20
0 4 1 3 6 38 2 2 4 0 26 18 7 1 8 0 88 0
0 4 0 4 7 39 0 4 1 3 13 33 7 1 8 0 92 0
1 15 10 6 19 117 10 6 16 0 79 57 13 11 18 6 186 18
3 6 8 1 5 82 9 0 9 0 76 11 3 12 3 12 42 103
0 9 5 4 8 49 5 4 9 0 26 31 8 1 9 0 57 0
0 4 3 1 5 45 2 2 4 0 11 39 6 2 8 0 98 2
0 4 3 1 8 38 4 0 4 0 38 8 6 0 6 0 58 11
5 4 9 0 10 74 8 1 9 0 54 30 1 14 3 12 73 67
1 3 3 1 5 43 3 1 4 0 11 37 6 2 8 0 95 1
1 3 3 1 6 44 2 2 4 0 28 22 5 1 6 0 75 0
0 9 3 6 9 51 3 6 9 0 19 41 7 2 9 0 60 0
0 4 3 1 2 38 3 1 4 0 28 12 5 1 6 0 60 0
1 3 4 0 6 40 4 0 4 0 24 22 6 0 6 0 69 0
0 1 0 1 5 20 0 1 1 0 6 19 3 0 3 0 75 0
1 8 7 2 12 90 6 3 9 0 87 15 13 2 15 0 169 1
0 4 3 1 5 41 2 2 4 0 26 20 4 2 6 0 69 0
1 3 4 0 3 37 3 1 4 0 33 7 4 0 4 0 40 0
0 4 1 3 7 39 1 3 4 0 44 2 6 0 6 0 69 0
5 4 9 0 5 55 8 1 9 0 16 44 3 12 6 9 75 25
0 9 3 6 10 50 3 6 9 0 28 32 7 2 9 0 60 0
0 9 3 6 7 50 3 6 9 0 24 33 9 0 9 0 57 0
0 4 3 1 7 37 3 1 4 0 27 17 8 0 8 0 88 0
0 4 4 0 4 40 3 1 4 0 25 19 4 0 4 0 44 0
0 9 4 5 9 75 3 6 9 0 64 20 12 3 15 0 140 0
5 4 9 0 5 58 8 1 9 0 28 35 2 7 5 4 59 4
1 15 14 2 14 94 12 4 16 0 102 6 10 6 16 0 108 0
0 4 2 2 6 40 2 2 4 0 24 22 3 1 4 0 46 0
0 9 6 3 8 49 6 3 9 0 27 30 8 1 9 0 57 0
0 4 3 1 8 36 3 1 4 0 28 16 6 0 6 0 66 0
0 4 1 3 5 35 1 3 4 0 35 5 4 0 4 0 40 0
2 14 13 3 1 103 13 3 16 0 102 2 20 0 20 0 130 0
0 4 1 3 11 31 2 2 4 0 42 0 4 0 4 0 38 4
9 7 5 11 46 10 16 0 1 15 32 24 17 3 13 7 37 33
10 15 15 10 42 58 24 1 7 18 69 31 20 10 26 4 67 53
5 11 12 4 27 37 14 2 7 9 41 23 14 6 15 5 44 36
23 2 5 20 50 20 21 4 0 25 42 28 23 2 20 5 43 27
6 10 14 2 36 36 15 1 10 6 52 20 13 11 20 4 71 37
7 9 15 1 31 33 15 1 4 12 48 16 9 11 18 2 46 34
11 14 18 7 22 58 25 0 1 24 57 23 14 16 25 5 67 29
7 18 17 8 31 89 24 1 4 21 65 55 14 16 22 8 71 73
23 13 13 23 18 108 23 13 0 36 72 54 10 26 24 12 62 64
20 16 36 0 77 67 36 0 22 14 120 24 31 17 47 1 132 60
3 13 11 5 25 39 14 2 7 9 39 25 12 8 15 5 46 34
21 28 45 4 102 59 44 5 41 8 147 14 25 24 49 0 118 43
8 17 12 13 35 50 23 2 8 17 65 20 17 8 22 3 54 31
9 16 14 11 38 52 24 1 6 19 64 26 18 7 21 4 56 34
6 10 16 0 40 32 16 0 10 6 52 20 12 8 18 2 61 29
15 21 34 2 74 64 32 4 19 17 105 33 23 19 41 1 112 49
27 22 24 25 85 69 49 0 13 36 135 19 35 14 49 0 100 54
10 15 14 11 43 62 24 1 7 18 73 32 13 22 25 10 68 79
9 7 15 1 34 26 16 0 7 9 43 17 13 3 14 2 42 18
10 26 8 28 47 91 30 6 7 29 80 58 37 11 37 11 110 74
14 11 19 6 47 48 25 0 7 18 73 22 13 12 25 0 56 39
7 18 17 8 34 61 24 1 3 22 59 36 16 9 18 7 58 37
5 20 14 11 32 63 21 4 13 12 56 39 17 13 23 7 58 56
8 17 13 12 37 38 23 2 9 16 61 14 17 8 25 0 44 31
5 11 12 4 36 28 15 1 11 5 47 17 15 5 18 2 53 27
15 21 34 2 80 58 35 1 25 11 108 30 25 23 47 1 131 53
11 5 8 8 37 31 16 0 7 9 53 15 24 0 19 5 62 40
18 18 34 2 80 58 36 0 24 12 116 22 29 13 42 0 111 50
0 16 4 12 27 37 11 5 15 1 46 18 23 1 20 4 65 31
15 10 17 8 17 78 22 3 0 25 56 39 10 20 22 8 56 58
6 10 16 0 33 59 16 0 5 11 47 45 14 6 16 4 73 42
2 14 4 12 19 53 13 3 10 6 38 34 17 7 17 7 62 46
3 13 10 6 21 43 13 3 8 8 40 24 14 6 15 5 49 31
3 13 11 5 25 43 13 3 8 8 43 25 12 8 15 5 47 38
12 4 13 3 43 29 16 0 4 12 34 38 13 7 15 5 53 37
18 18 25 11 50 100 36 0 14 22 118 32 25 17 41 1 99 76
3 6 9 0 15 39 9 0 6 3 27 27 7 8 12 3 49 41
27 9 3 33 7 59 30 6 8 28 59 7 13 35 32 16 42 46
10 15 21 4 40 70 24 1 11 14 67 43 7 23 22 8 67 65
11 14 18 7 22 58 25 0 1 24 57 23 14 16 25 5 67 29
6 30 21 15 47 73 30 6 18 18 102 18 22 14 29 7 54 66
6 19 11 14 37 43 24 1 9 16 65 15 19 6 23 2 54 26
6 30 21 15 47 73 30 6 18 18 102 18 22 14 29 7 54 66
6 10 14 2 43 29 15 1 12 4 54 18 18 6 22 2 71 37
6 10 12 4 27 37 16 0 10 6 47 17 13 3 15 1 42 22
8 8 14 2 25 47 16 0 2 14 37 35 8 8 14 2 37 35
10 6 14 2 38 34 14 2 5 11 40 32 12 8 18 2 57 33
9 7 12 4 29 47 16 0 7 9 45 31 9 11 17 3 59 36
6 10 12 4 37 31 15 1 11 5 47 21 15 5 18 2 57 28
11 5 14 2 26 42 14 2 10 6 51 17 6 10 16 0 47 21
6 10 16 0 33 59 16 0 5 11 47 45 14 6 16 4 73 42
7 9 16 0 24 48 15 1 4 12 42 30 10 10 16 4 52 38
3 6 8 1 19 32 9 0 8 1 31 20 12 3 13 2 51 34
22 27 22 27 52 116 44 5 7 42 105 63 25 24 43 6 85 83
3 13 11 5 35 37 15 1 12 4 50 22 12 12 21 3 70 38
5 11 12 4 25 43 15 1 8 8 42 26 14 6 15 5 52 33
1 15 10 6 30 50 11 5 14 2 49 31 17 7 20 4 78 42
5 11 12 4 32 36 14 2 11 5 42 26 17 7 21 3 62 40
5 11 6 10 17 51 16 0 5 11 39 29 14 6 18 2 54 31
5 11 8 8 47 17 12 4 9 7 41 23 19 5 15 9 59 37
5 20 14 11 36 64 23 2 6 19 63 37 23 7 19 11 73 47
13 12 17 8 38 52 25 0 6 19 71 19 10 15 23 2 59 31
11 14 6 19 36 64 25 0 9 16 62 38 12 18 19 11 47 73
24 25 26 23 56 119 47 2 14 35 124 51 25 24 48 1 92 83
50 14 8 56 111 41 50 14 9 55 94 58 50 14 46 18 74 78
16 9 16 9 39 41 25 0 8 17 69 11 13 12 25 0 48 32
6 10 15 1 38 34 16 0 11 5 50 22 17 7 22 2 75 33
6 19 5 20 35 50 24 1 8 17 63 22 22 3 21 4 58 27
13 12 19 6 22 68 25 0 2 23 42 48 15 10 17 8 46 44
6 10 16 0 32 48 14 2 10 6 52 28 12 12 21 3 83 37
6 10 8 8 23 49 16 0 8 8 44 28 14 6 18 2 60 30
5 11 13 3 25 75 16 0 9 7 52 48 13 7 17 3 65 60
3 13 11 5 40 36 15 1 14 2 56 20 18 6 22 2 81 33
10 15 23 2 48 62 24 1 9 16 75 35 18 12 26 4 87 45
3 13 10 6 30 34 15 1 11 5 43 21 17 3 17 3 51 29
3 13 11 5 21 51 14 2 10 6 43 29 17 7 20 4 70 38
8 17 10 15 37 48 24 1 3 22 56 29 19 6 19 6 44 41
6 10 14 2 32 32 14 2 5 11 34 30 9 7 14 2 32 32
3 13 10 6 34 34 14 2 13 3 49 19 20 4 21 3 69 33
6 19 12 13 29 51 22 3 8 17 56 24 16 9 23 2 41 39
5 11 12 4 31 37 15 1 6 10 42 26 13 7 16 4 45 40
14 35 26 23 79 138 43 6 19 30 151 66 32 24 48 8 160 88
3 6 9 0 32 22 9 0 7 2 37 17 12 3 14 1 63 27
10 15 23 2 33 67 22 3 6 19 64 36 11 19 25 5 82 38
8 8 15 1 37 27 16 0 7 9 51 13 17 3 18 2 54 26
7 18 20 5 41 64 23 2 3 22 60 45 16 9 19 6 58 47
8 8 16 0 24 52 16 0 6 10 44 32 16 8 18 6 75 39
9 16 18 7 38 67 25 0 2 23 67 38 19 6 21 4 61 44
25 24 34 15 79 68 49 0 25 24 130 17 25 24 47 2 90 57
3 13 11 5 32 48 13 3 7 9 53 27 9 15 20 4 73 47
7 9 16 0 28 44 16 0 7 9 49 23 12 12 22 2 72 36
13 3 7 9 26 42 16 0 0 16 49 19 11 9 16 4 29 56
4 12 15 1 29 47 14 2 10 6 49 27 13 7 19 1 61 34
18 31 34 15 46 108 49 0 18 31 125 29 28 35 52 11 103 95
5 11 8 8 30 30 15 1 1 15 32 28 9 7 13 3 25 35
10 15 15 10 38 57 21 4 6 19 62 33 14 11 23 2 55 40
3 13 9 7 27 41 14 2 13 3 45 23 16 8 21 3 63 39
17 8 14 11 5 75 22 3 6 19 55 25 6 24 21 9 48 48
9 16 8 17 43 27 25 0 4 21 66 4 14 11 22 3 45 25
9 16 16 9 52 53 24 1 6 19 66 39 19 6 21 4 58 47
10 15 15 10 41 49 25 0 13 12 57 33 28 7 32 3 108 18
3 13 12 4 30 54 14 2 12 4 30 54 16 8 21 3 100 26
4 12 11 5 24 44 15 1 10 6 38 30 14 6 18 2 79 6
10 15 15 10 31 64 25 0 7 18 52 43 11 14 24 1 83 12
16 20 27 9 27 105 36 0 13 23 73 59 21 27 45 3 155 21
4 12 11 5 24 44 15 1 10 6 38 30 14 6 18 2 79 6
19 17 28 8 52 74 36 0 14 22 94 32 25 17 42 0 138 9
10 6 6 10 21 35 16 0 2 14 21 35 17 3 13 7 60 10
6 10 9 7 20 44 16 0 5 11 24 40 12 4 14 2 59 5
3 13 11 5 28 56 14 2 12 4 33 51 17 7 21 3 99 27
14 22 21 15 57 99 35 1 9 27 73 83 31 11 33 9 151 31
5 11 13 3 26 38 14 2 11 5 39 25 15 5 18 2 76 4
4 12 9 7 24 40 15 1 10 6 31 33 14 6 18 2 72 8
10 26 15 21 44 100 30 6 15 21 74 70 33 15 38 10 147 45
6 10 16 0 23 45 16 0 9 7 39 29 10 10 19 1 80 5
5 11 15 1 30 42 12 4 13 3 33 39 12 12 23 1 98 10
17 8 11 14 36 74 25 0 7 18 60 50 8 17 19 6 77 33
4 12 9 7 24 40 15 1 10 6 31 33 14 6 18 2 72 8
5 11 14 2 19 53 13 3 9 7 30 42 11 13 19 5 88 20
5 11 9 7 18 50 15 1 3 13 24 44 15 5 13 7 67 18
18 31 13 36 58 96 47 2 8 41 94 60 41 15 46 10 128 48
1 15 8 8 26 38 12 4 13 3 40 24 20 4 22 2 83 13
5 20 13 12 26 79 23 2 8 17 52 53 17 8 21 4 89 16
17 47 7 57 71 97 59 5 18 46 132 36 45 19 61 3 122 46
9 7 12 4 16 48 16 0 9 7 34 30 10 10 19 1 75 5
9 16 5 20 22 58 24 1 3 22 42 38 18 7 22 3 70 10
3 13 12 4 25 39 12 4 14 2 44 20 18 6 23 1 87 9
5 11 14 2 19 53 13 3 9 7 30 42 11 13 19 5 88 20
6 10 14 2 20 44 16 0 8 8 37 27 9 7 16 0 60 4
32 4 4 32 12 48 30 6 20 16 33 27 9 27 24 12 54 6
10 15 15 10 41 49 25 0 13 12 57 33 28 7 32 3 108 18
6 10 11 5 21 47 15 1 10 6 37 31 14 10 22 2 90 12
8 8 9 7 16 52 16 0 5 11 34 34 11 13 21 3 83 19
7 9 8 8 21 55 16 0 8 8 38 38 17 7 20 4 95 19
9 7 13 3 28 36 16 0 6 10 40 24 14 6 19 1 74 6
4 21 12 13 35 65 23 2 12 13 58 42 19 6 22 3 89 11
8 8 8 8 19 45 16 0 4 12 31 33 9 7 16 0 55 9
5 11 12 4 24 44 15 1 11 5 33 35 16 8 22 2 87 15
2 7 7 2 17 34 9 0 8 1 16 35 13 2 13 2 66 19
4 12 11 5 20 48 14 2 10 6 34 34 10 10 18 2 77 8
3 13 9 7 17 47 13 3 10 6 28 36 17 3 15 5 71 9
3 13 8 8 23 45 15 1 7 9 24 44 16 4 15 5 69 16
9 7 15 1 29 43 16 0 11 5 44 28 20 4 22 2 98 10
12 13 20 5 24 71 24 1 7 18 30 65 9 16 23 2 74 21
4 12 12 4 24 48 13 3 9 7 40 32 9 11 19 1 81 9
8 8 16 0 58 26 14 2 8 8 53 31 15 5 18 2 85 20
8 17 2 23 26 54 25 0 2 23 50 30 22 3 22 3 72 8
5 11 12 4 28 40 16 0 11 5 40 28 18 6 23 1 93 9
3 13 12 4 22 42 14 2 11 5 29 35 12 4 14 2 57 7
6 10 16 0 23 57 13 3 8 8 29 51 11 13 20 4 98 22
3 13 13 3 25 43 15 1 7 9 33 35 13 7 18 2 77 8
6 10 14 2 24 52 14 2 7 9 25 51 13 11 20 4 90 24
6 10 10 6 24 44 16 0 8 8 36 32 19 5 21 3 92 10
3 13 11 5 22 50 14 2 12 4 31 41 14 6 17 3 77 13
6 10 14 2 31 37 16 0 11 5 44 24 18 6 23 1 94 8
10 26 28 8 57 81 32 4 24 12 90 48 35 13 45 3 170 14
9 7 9 7 25 43 14 2 6 10 39 29 8 8 16 0 64 4
6 10 13 3 28 40 14 2 9 7 39 29 11 5 15 1 64 4
8 8 10 6 21 47 14 2 9 7 37 31 15 5 17 3 76 9
5 11 15 1 30 42 12 4 13 3 33 39 12 12 23 1 98 10
3 13 11 5 27 57 13 3 14 2 30 54 15 9 22 2 97 29
17 8 2 23 23 47 23 2 6 19 43 27 11 14 20 5 61 9
40 9 28 21 58 96 49 0 13 36 71 83 44 19 58 5 187 11
6 30 26 10 47 91 28 8 25 11 87 51 33 15 43 5 167 17
5 11 15 1 23 57 14 2 8 8 37 43 13 11 21 3 104 16
6 10 15 1 22 78 16 0 6 10 30 70 12 8 16 4 97 28
4 12 12 4 22 58 15 1 8 8 34 46 20 4 18 6 95 25
6 10 11 5 24 44 16 0 7 9 34 34 18 6 19 5 89 13
12 4 11 5 5 67 16 0 5 11 24 48 10 14 17 7 85 23
20 5 13 12 9 71 22 3 10 15 48 32 4 26 19 11 73 23
10 15 15 10 27 58 25 0 8 17 49 36 15 10 25 0 79 6
12 13 3 22 16 54 23 2 5 20 42 28 17 8 24 1 61 9
6 10 16 0 29 47 16 0 11 5 44 32 16 8 22 2 101 13
6 10 13 3 25 51 14 2 5 11 37 39 10 10 18 2 84 11
16 9 14 11 35 75 25 0 4 21 70 40 9 21 23 7 103 29
3 13 7 9 24 48 14 2 5 11 28 44 14 6 16 4 66 24
6 10 15 1 29 63 16 0 10 6 42 50 13 11 22 2 120 18
13 12 17 8 32 53 25 0 7 18 52 33 14 11 25 0 75 10
23 26 32 17 51 103 34 15 28 21 112 42 16 33 48 1 140 14
6 10 13 3 24 52 14 2 12 4 39 37 15 9 21 3 98 16
8 8 7 9 20 40 14 2 4 12 36 24 9 7 16 0 54 6
22 27 30 19 69 78 48 1 27 22 112 35 29 20 49 0 133 14
17 8 8 17 37 88 25 0 1 24 68 57 9 21 20 10 123 27
13 3 11 5 8 64 16 0 2 14 23 49 11 9 16 4 75 15
6 10 16 0 21 51 15 1 9 7 31 41 12 12 22 2 89 19
5 20 5 20 27 53 24 1 6 19 48 32 25 5 25 5 84 12
2 14 8 8 21 59 15 1 10 6 21 59 19 1 13 7 82 18
5 11 13 3 24 40 14 2 11 5 41 23 13 7 18 2 75 5
7 9 9 7 21 39 16 0 7 9 38 22 17 3 18 2 71 4
16 33 45 4 36 174 38 11 38 11 86 124 14 42 40 16 179 61
6 10 14 2 29 59 15 1 9 7 35 53 18 6 19 5 106 26
6 10 16 0 18 54 15 1 11 5 34 38 15 9 22 2 92 16
6 10 12 4 22 46 14 2 5 11 28 40 9 7 12 4 59 9
7 9 15 1 25 63 16 0 5 11 31 57 14 6 16 4 92 18
13 12 17 8 3 82 19 6 11 14 44 41 7 28 27 8 90 29
1 15 9 7 25 47 11 5 11 5 34 38 16 8 20 4 86 22
6 3 9 0 22 29 9 0 7 2 24 27 11 4 14 1 73 12
9 16 13 12 31 59 24 1 5 20 46 44 17 8 22 3 78 12
9 7 9 7 12 60 16 0 3 13 25 47 9 15 17 7 91 17
10 15 13 12 27 53 22 3 6 19 48 32 14 11 24 1 72 8
0 49 9 40 107 47 32 17 47 2 112 42 18 38 4 52 142 34
0 25 1 24 47 38 14 11 24 1 49 36 11 24 2 33 88 31
0 16 0 16 28 40 1 15 10 6 40 28 11 9 6 14 62 23
0 25 2 23 49 31 13 12 24 1 57 23 8 27 2 33 82 30
0 16 0 16 36 24 8 8 14 2 28 32 6 10 1 15 42 18
0 25 0 25 56 39 11 14 22 3 67 28 13 17 5 25 96 18
0 16 0 16 35 49 7 9 15 1 46 38 9 11 4 16 76 29
0 16 0 16 29 39 6 10 13 3 50 18 15 9 10 14 79 23
0 16 0 16 34 26 2 14 11 5 54 6 14 2 10 6 53 7
0 16 0 16 36 16 5 11 14 2 45 7 13 7 6 14 56 9
0 16 0 16 39 29 6 10 13 3 52 16 15 5 6 14 74 11
0 25 2 23 49 36 13 12 21 4 46 39 7 23 1 29 66 36
0 25 2 23 46 29 14 11 20 5 52 23 8 17 0 25 52 23
0 25 2 23 51 54 14 11 21 4 57 48 6 24 2 28 98 28
0 16 0 16 40 32 5 11 12 4 53 19 14 6 8 12 67 23
0 25 5 20 55 25 18 7 20 5 55 25 6 19 0 25 58 22
0 16 0 16 35 29 3 13 12 4 39 25 15 9 8 16 57 39
0 16 0 16 34 30 1 15 8 8 53 11 17 3 14 6 69 11
0 16 0 16 30 34 4 12 12 4 53 11 12 12 8 16 81 15
0 36 6 30 66 72 27 9 27 9 63 75 4 44 0 48 81 103
0 25 1 24 42 43 11 14 23 2 52 33 14 21 4 31 83 36
0 16 0 16 39 29 4 12 12 4 53 15 11 5 8 8 59 9
1 15 6 10 31 29 10 6 8 8 25 35 0 16 0 16 46 14
0 16 0 16 36 32 4 12 11 5 50 18 15 5 9 11 73 12
0 25 8 17 53 32 21 4 22 3 63 22 2 28 0 30 84 18
0 16 0 16 35 49 7 9 15 1 46 38 9 11 4 16 76 29
0 16 0 16 35 29 4 12 12 4 36 28 9 15 4 20 59 37
0 25 0 25 47 38 8 17 21 4 49 36 14 16 6 24 72 30
0 9 0 9 26 28 1 8 5 4 30 24 7 8 5 10 48 42
0 16 0 16 35 33 2 14 10 6 48 20 13 11 9 15 68 34
0 16 0 16 33 31 2 14 9 7 49 15 15 9 10 14 73 23
0 16 0 16 39 33 2 14 10 6 49 23 11 13 8 16 75 33
0 16 0 16 38 42 0 16 4 12 62 18 19 5 20 4 103 17
0 49 2 47 104 113 26 23 45 4 133 84 20 36 4 52 226 22
0 16 0 16 34 30 4 12 12 4 36 28 10 14 4 20 57 39
0 25 0 25 45 50 10 15 21 4 65 30 16 19 8 27 109 24
0 16 0 16 38 30 3 13 12 4 44 24 13 11 6 18 69 33
0 25 0 25 50 35 7 18 21 4 62 23 21 4 11 14 78 7
0 16 0 16 34 30 2 14 10 6 44 20 13 7 8 12 60 20
0 16 1 15 38 26 8 8 13 3 32 32 3 13 0 16 34 30
0 16 0 16 39 29 4 12 12 4 53 15 11 5 8 8 59 9
0 16 0 16 36 28 2 14 11 5 39 25 14 6 6 14 53 27
0 16 0 16 38 26 8 8 15 1 34 30 5 15 1 19 52 28
0 25 2 23 53 37 16 9 24 1 52 38 5 25 1 29 72 36
8 17 13 12 58 52 19 6 14 11 49 61 0 35 1 34 104 50
0 16 0 16 31 33 1 15 8 8 47 17 20 4 15 9 81 15
0 16 4 12 30 18 11 5 9 7 14 34 0 20 0 20 49 11
0 16 0 16 32 36 2 14 10 6 51 17 16 8 13 11 73 29
0 16 0 16 30 30 2 14 10 6 41 19 12 8 6 14 52 23
0 16 0 16 38 30 6 10 13 3 32 36 7 9 2 14 53 15
0 36 1 35 49 71 15 21 32 4 73 47 12 24 9 27 89 31
0 16 0 16 37 31 2 14 10 6 55 13 14 6 12 8 59 26
0 16 0 16 32 32 4 12 12 4 44 20 13 11 8 16 68 28
0 16 0 16 36 36 2 14 10 6 55 17 10 14 9 15 91 17
0 25 0 25 54 36 8 17 21 4 60 30 11 14 2 23 79 11
0 16 0 16 39 33 4 12 12 4 54 18 14 10 10 14 76 32
5 20 13 12 64 26 18 7 15 10 48 42 0 25 1 24 70 20
0 16 0 16 31 33 1 15 8 8 51 13 20 4 16 8 83 13
0 16 0 16 40 24 5 11 14 2 49 15 13 3 6 10 53 11
0 25 0 25 48 42 6 19 18 7 59 31 18 7 9 16 87 3
0 16 0 16 37 23 5 11 14 2 45 15 12 12 6 18 61 29
0 25 1 24 50 35 12 13 21 4 50 35 9 16 1 24 61 24
0 25 2 23 49 31 13 12 24 1 57 23 8 27 2 33 82 30
0 25 1 24 40 35 13 12 17 8 35 40 4 21 0 25 50 25
0 16 0 16 31 29 2 14 10 6 45 15 18 2 11 9 64 11
0 9 0 9 14 37 0 9 1 8 28 23 8 7 10 5 44 41
0 9 0 9 19 29 0 9 0 9 28 20 6 9 9 6 42 38
0 16 0 16 34 38 2 14 9 7 52 20 18 2 12 8 71 19
0 16 0 16 30 38 4 12 12 4 55 13 12 12 10 14 79 23
0 25 0 25 48 57 6 19 17 8 61 44 14 16 6 24 81 45
0 25 5 20 54 31 18 7 21 4 47 38 3 22 0 25 64 21
0 25 2 23 42 48 16 9 17 8 36 54 4 21 0 25 58 32
0 16 0 16 44 28 4 12 14 2 55 17 12 12 8 16 79 29
0 25 0 25 45 50 2 23 15 10 47 48 19 11 8 22 67 47
0 16 0 16 30 30 1 15 10 6 40 20 18 6 12 12 61 29
0 25 0 25 43 42 8 17 21 4 57 28 18 7 9 16 66 19
0 16 0 16 40 32 6 10 14 2 33 39 6 10 1 15 33 39
0 25 4 21 53 52 19 6 16 9 35 70 1 34 0 35 96 51
0 9 0 9 23 25 0 9 2 7 35 13 9 6 8 7 47 33
0 25 2 23 51 39 14 11 20 5 35 55 3 22 0 25 59 31
0 25 1 24 50 35 14 11 20 5 39 46 4 21 0 25 59 26
0 49 6 43 90 50 29 20 48 1 115 25 30 26 12 44 146 14
0 16 0 16 38 30 1 15 10 6 47 21 16 8 12 12 68 34
0 16 0 16 40 24 8 8 14 2 52 12 13 11 7 17 85 11
0 25 0 25 49 46 6 19 19 6 62 33 18 12 10 20 101 13
0 25 1 24 55 30 10 15 22 3 52 33 13 12 2 23 62 23
0 25 2 23 59 36 16 9 25 0 71 24 9 21 1 29 102 12
0 25 2 23 46 39 13 12 24 1 65 20 10 15 3 22 65 20
0 16 0 16 32 32 4 12 13 3 51 13 12 8 9 11 65 15
0 16 0 16 38 34 6 10 14 2 45 27 7 17 6 18 70 38
0 16 0 16 30 38 1 15 8 8 47 21 16 8 11 13 68 34
0 16 0 16 33 35 1 15 8 8 51 17 15 5 11 9 70 15
0 25 2 23 51 59 14 11 20 5 40 70 5 20 0 25 73 37
0 25 2 23 60 30 15 10 20 5 40 50 3 22 0 25 60 30
0 9 0 9 29 28 0 9 4 5 35 22 8 7 7 8 41 54
0 25 0 25 43 37 8 17 21 4 63 17 16 9 6 19 65 15
0 25 5 20 48 27 17 8 21 4 54 21 6 19 0 25 56 19
0 16 0 16 29 63 0 16 5 11 40 52 13 11 9 15 83 55
0 16 0 16 33 35 2 14 10 6 57 11 17 7 14 10 91 11
0 16 0 16 34 34 1 15 8 8 54 14 15 9 14 10 84 18
34 15 46 3 104 85 44 5 32 17 105 84 48 8 16 40 176 40
20 16 27 9 103 53 36 0 17 19 90 66 47 1 5 43 142 66
22 3 25 0 66 14 25 0 12 13 63 17 13 12 1 24 69 11
12 4 15 1 39 37 16 0 11 5 42 34 23 1 5 19 84 30
8 1 9 0 36 15 9 0 6 3 23 28 15 0 8 7 51 34
11 5 12 4 29 35 16 0 10 6 36 28 23 1 0 24 79 17
24 1 25 0 64 31 25 0 10 15 53 42 25 0 0 25 79 16
6 10 10 6 32 36 16 0 11 5 41 27 20 4 5 19 76 26
11 5 12 4 46 22 16 0 9 7 42 26 20 0 5 15 63 22
14 2 16 0 33 23 16 0 9 7 29 27 20 0 3 17 59 11
7 9 10 6 37 31 16 0 15 1 45 23 24 0 6 18 85 17
2 14 7 9 41 23 14 2 16 0 53 11 23 1 17 7 76 20
19 6 20 5 56 39 25 0 14 11 57 38 25 0 6 19 83 12
14 2 16 0 35 21 15 1 10 6 30 26 19 1 4 16 58 12
23 13 29 7 75 69 36 0 22 14 85 59 46 2 0 48 141 51
19 6 20 5 67 28 25 0 12 13 58 37 25 0 5 20 78 17
15 1 16 0 58 22 16 0 11 5 52 28 24 0 7 17 90 30
9 7 12 4 44 36 16 0 6 10 38 42 23 1 6 18 76 44
13 3 16 0 53 15 16 0 9 7 44 24 14 2 6 10 58 10
37 12 44 5 104 71 48 1 25 24 114 61 54 2 7 49 169 31
15 1 16 0 60 12 16 0 2 14 38 34 16 0 2 14 61 11
13 3 16 0 47 29 12 4 10 6 45 31 15 9 5 19 85 29
11 5 12 4 46 22 16 0 9 7 42 26 20 0 5 15 63 22
16 0 16 0 45 27 16 0 6 10 38 34 20 0 5 15 65 25
15 1 16 0 36 44 16 0 4 12 38 42 12 4 3 13 53 27
31 5 36 0 110 22 36 0 20 16 90 42 33 9 7 35 131 23
13 3 16 0 52 16 16 0 9 7 44 24 20 0 6 14 69 16
41 8 49 0 73 74 47 2 31 18 93 54 39 10 7 42 128 19
35 14 39 10 81 94 41 8 0 49 107 68 28 21 0 49 140 35
8 8 12 4 37 35 12 4 10 6 47 25 16 8 9 15 70 38
11 5 16 0 55 21 13 3 9 7 37 39 11 5 8 8 52 24
9 7 12 4 45 27 12 4 10 6 36 36 15 5 6 14 57 33
11 5 16 0 51 17 15 1 11 5 45 23 20 0 8 12 66 19
17 19 28 8 91 47 33 3 22 14 96 42 36 12 10 38 153 31
8 8 12 4 37 35 12 4 10 6 47 25 16 8 9 15 70 38
31 5 36 0 113 19 36 0 27 9 99 33 38 10 14 34 155 21
6 10 12 4 38 38 12 4 11 5 45 31 20 4 6 18 82 32
15 1 16 0 36 24 16 0 4 12 32 28 15 1 3 13 51 9
12 4 16 0 43 21 15 1 12 4 38 26 15 1 8 8 58 6
10 6 12 4 28 40 16 0 6 10 35 33 20 0 0 20 66 19
22 14 29 7 94 38 36 0 25 11 98 34 39 9 10 38 147 29
24 25 28 21 79 61 47 2 44 5 87 53 28 35 24 39 146 34
16 0 16 0 43 21 16 0 3 13 36 28 16 0 1 15 51 13
9 7 12 4 55 21 16 0 7 9 58 18 14 6 14 6 72 23
28 8 30 6 80 70 30 6 21 15 94 56 36 6 7 35 145 30
12 4 13 3 22 46 16 0 8 8 38 30 16 8 0 24 76 26
33 3 24 12 6 60 35 1 28 8 35 31 18 24 14 28 62 15
19 6 22 3 38 42 23 2 16 9 51 29 14 11 1 24 68 12
15 10 20 5 70 40 22 3 12 13 70 40 25 5 6 24 95 37
10 6 12 4 55 33 16 0 4 12 45 43 24 0 0 24 84 48
11 5 16 0 47 21 16 0 9 7 43 25 24 0 5 19 79 23
15 1 16 0 38 30 16 0 10 6 48 20 19 5 4 20 79 23
15 1 16 0 54 18 16 0 11 5 50 22 18 2 8 12 76 14
7 9 11 5 50 14 16 0 12 4 46 18 20 0 7 13 70 10
9 7 10 6 29 59 16 0 4 12 35 53 13 3 3 13 47 41
15 1 16 0 58 10 16 0 11 5 47 21 17 3 8 12 73 12
15 1 16 0 25 39 16 0 9 7 36 28 18 6 0 24 75 21
11 5 16 0 56 8 12 4 13 3 47 17 12 4 10 6 54 10
6 19 11 14 49 36 20 5 20 5 62 23 25 5 8 22 86 16
8 8 12 4 48 16 13 3 10 6 42 22 19 5 10 14 80 16
44 5 48 1 92 69 49 0 20 29 66 95 43 6 3 46 128 33
23 2 20 5 34 51 23 2 8 17 41 44 25 0 0 25 62 23
11 5 12 4 41 27 16 0 10 6 44 24 20 0 5 15 67 18
15 1 16 0 55 21 16 0 6 10 42 34 24 0 6 18 77 37
13 3 16 0 43 21 16 0 3 13 31 33 11 5 1 15 50 14
15 1 16 0 47 21 16 0 5 11 44 24 12 4 2 14 57 11
12 4 16 0 56 16 16 0 12 4 45 27 16 4 8 12 64 26
15 1 16 0 53 15 16 0 6 10 45 23 16 4 4 16 69 16
9 7 12 4 35 33 14 2 8 8 37 31 15 5 5 15 67 18
19 6 20 5 51 29 24 1 18 7 53 27 29 1 6 24 84 12
22 3 23 2 52 38 25 0 10 15 55 35 25 0 3 22 75 15
24 12 31 5 117 27 35 1 26 10 112 32 37 5 17 25 141 27
10 6 12 4 45 19 12 4 12 4 43 21 15 5 8 12 64 16
8 8 12 4 45 23 16 0 13 3 50 18 23 1 6 18 83 19
11 5 12 4 41 27 16 0 10 6 44 24 20 0 5 15 67 18
11 5 15 1 35 37 13 3 9 7 47 25 18 2 5 15 73 17
13 12 17 8 54 36 23 2 3 22 49 41 24 1 1 24 69 21
24 1 24 1 76 19 25 0 1 24 59 36 17 8 0 25 72 23
20 5 25 0 63 37 25 0 16 9 53 47 24 1 8 17 76 24
13 3 16 0 39 33 15 1 7 9 41 31 12 8 4 16 67 23
11 5 16 0 35 33 13 3 8 8 35 33 16 4 5 15 65 20
15 1 16 0 43 29 16 0 5 11 41 31 23 1 2 22 76 32
23 13 30 6 109 35 36 0 27 9 102 42 43 5 18 30 170 22
13 3 5 11 39 53 15 1 12 4 68 24 10 10 3 17 94 21
12 4 16 0 55 25 15 1 6 10 37 43 13 7 5 15 66 34
11 5 16 0 60 20 14 2 10 6 44 36 18 6 10 14 84 36
24 12 30 6 94 44 36 0 27 9 106 32 37 11 13 35 157 27
23 2 23 2 54 36 23 2 5 20 41 49 20 5 1 24 72 18
7 9 10 6 47 25 16 0 12 4 44 28 16 4 5 15 68 22
23 2 25 0 78 17 25 0 2 23 59 36 17 8 0 25 75 20
24 12 36 0 118 26 35 1 28 8 113 31 39 9 15 33 169 23
11 14 15 10 50 40 25 0 8 17 51 39 25 0 0 25 71 19
15 1 16 0 51 29 15 1 5 11 38 42 17 3 5 15 63 37
39 10 46 3 111 64 49 0 22 27 106 69 48 1 2 47 143 32
11 5 13 3 31 37 16 0 10 6 40 28 19 1 4 16 65 20
20 5 22 3 42 48 25 0 8 17 38 52 23 2 1 24 66 24
14 2 16 0 52 16 16 0 10 6 38 30 14 2 6 10 55 13
3 6 6 3 34 20 9 0 7 2 27 27 12 3 5 10 54 36
11 5 12 4 41 23 16 0 9 7 43 21 19 1 5 15 69 11
7 9 8 8 46 34 16 0 11 5 44 36 24 0 6 18 83 37
0 16 0 16 47 21 8 8 15 1 46 22 8 8 3 13 52 16
0 16 0 16 45 19 2 14 12 4 51 13 16 4 10 10 66 14
0 16 0 16 55 25 1 15 8 8 49 31 16 4 12 8 64 36
0 16 2 14 55 9 9 7 16 0 43 21 10 10 4 16 62 18
0 16 5 11 53 11 12 4 16 0 45 19 9 11 1 19 65 15
0 25 1 24 71 19 7 18 23 2 67 23 27 3 14 16 93 15
0 16 0 16 40 28 2 14 12 4 54 14 16 4 10 10 69 16
0 16 0 16 47 25 1 15 9 7 48 24 20 4 13 11 78 30
0 64 2 62 130 94 11 53 52 12 159 65 57 7 35 29 159 65
0 36 2 34 98 46 18 18 34 2 118 26 24 24 12 36 139 53
0 25 1 24 71 19 7 18 22 3 73 17 28 7 15 20 109 17
0 16 2 14 56 20 9 7 16 0 58 18 13 11 6 18 80 34
0 16 0 16 52 20 3 13 12 4 45 27 15 5 8 12 67 23
0 36 12 24 111 27 24 12 36 0 112 26 16 32 2 46 152 32
0 25 1 24 62 28 7 18 21 4 69 21 27 3 15 15 95 13
0 16 1 15 54 14 3 13 14 2 61 7 15 9 9 15 85 17
0 16 0 16 46 14 5 11 15 1 38 22 11 5 4 12 45 15
0 16 0 16 51 17 4 12 13 3 52 16 16 4 10 10 69 16
8 8 15 1 80 4 16 0 11 5 56 28 21 3 21 3 95 31
0 16 0 16 42 22 5 11 14 2 49 15 13 7 7 13 65 15
0 16 0 16 44 24 5 11 14 2 47 21 13 7 5 15 64 21
12 4 16 0 61 3 16 0 15 1 49 15 14 2 10 6 58 6
0 16 4 12 46 18 10 6 16 0 55 9 10 14 3 21 76 20
0 16 0 16 44 24 5 11 14 2 47 21 13 7 5 15 64 21
0 25 1 24 71 19 7 18 22 3 73 17 28 7 15 20 109 17
0 16 0 16 56 24 2 14 12 4 54 26 13 7 10 10 65 35
0 16 0 16 39 29 2 14 12 4 56 12 13 11 9 15 80 22
9 7 12 4 57 15 16 0 5 11 53 19 14 6 13 7 73 17
0 16 4 12 55 17 9 7 16 0 53 19 9 15 2 22 78 30
0 16 4 12 58 14 12 4 16 0 55 17 6 18 2 22 81 27
0 16 0 16 39 29 2 14 12 4 56 12 13 11 9 15 80 22
0 16 4 12 55 13 7 9 16 0 53 15 11 13 6 18 77 25
8 8 15 1 49 23 16 0 5 11 40 32 14 6 16 4 54 36
0 25 1 24 71 19 7 18 23 2 67 23 27 3 14 16 93 15
1 24 11 14 56 24 21 4 21 4 56 24 5 20 1 24 70 10
0 16 0 16 45 23 1 15 11 5 54 14 17 7 13 11 80 22
0 16 4 12 43 21 10 6 14 2 37 27 4 12 0 16 48 16
0 16 1 15 48 16 8 8 15 1 48 16 10 6 5 11 55 9
0 16 0 16 39 29 4 12 12 4 52 16 15 9 9 15 72 30
0 16 1 15 45 19 5 11 14 2 45 19 12 4 6 10 54 10
8 8 15 1 81 3 16 0 13 3 55 29 18 2 18 2 82 23
0 25 0 25 67 53 4 21 19 6 76 44 21 4 13 12 94 26
0 16 0 16 51 25 0 16 9 7 45 31 14 2 10 6 40 36
0 16 4 12 50 18 9 7 16 0 53 15 13 7 6 14 73 12
0 16 0 16 44 24 3 13 12 4 53 15 15 5 10 10 66 19
0 16 0 16 45 27 2 14 11 5 56 16 15 5 13 7 74 16
5 11 14 2 56 12 15 1 9 7 47 21 13 11 3 21 72 30
0 16 0 16 56 24 2 14 12 4 54 26 13 7 10 10 65 35
0 25 4 21 64 16 14 11 25 0 66 14 19 6 9 16 72 8
0 16 4 12 58 18 11 5 16 0 60 16 5 19 3 21 83 31
0 36 2 34 114 30 15 21 34 2 126 18 35 13 22 26 168 24
0 16 1 15 51 13 5 11 15 1 47 17 14 2 6 10 56 8
0 16 0 16 53 31 0 16 6 10 61 23 18 6 16 8 92 34
0 16 2 14 58 10 7 9 16 0 44 24 11 9 3 17 65 20
0 25 1 24 62 28 7 18 21 4 69 21 27 3 15 15 95 13
0 16 2 14 53 15 7 9 16 0 50 18 10 10 4 16 64 21
0 16 0 16 43 25 3 13 12 4 46 22 15 5 11 9 65 20
0 16 0 16 53 27 2 14 10 6 66 14 17 3 11 9 74 26
0 36 0 36 82 68 3 33 21 15 126 24 37 11 28 20 149 51
0 16 0 16 54 26 0 16 5 11 50 30 16 4 13 7 71 29
0 16 0 16 54 22 8 8 15 1 60 16 11 13 6 18 77 37
0 16 0 16 44 20 4 12 12 4 54 10 13 7 7 13 62 18
0 16 0 16 44 24 3 13 12 4 53 15 15 9 10 14 81 21
0 25 3 22 66 14 10 15 24 1 61 19 17 8 7 18 70 10
0 16 2 14 50 14 9 7 16 0 46 18 11 9 2 18 66 14
0 16 0 16 41 31 2 14 10 6 62 10 17 7 11 13 54 54
0 36 2 34 99 33 11 25 32 4 100 32 29 13 16 26 131 23
0 16 0 16 44 32 3 13 10 6 61 15 13 11 8 16 79 35
0 16 0 16 52 28 3 13 10 6 67 13 15 9 11 13 86 34
0 36 0 36 92 58 4 32 23 13 123 27 35 13 25 23 145 55
0 16 0 16 44 28 3 13 12 4 40 32 14 6 6 14 62 28
0 16 1 15 55 17 10 6 16 0 51 21 9 11 4 16 64 26
0 16 1 15 43 25 5 11 15 1 56 12 12 8 7 13 61 24
0 16 2 14 44 24 6 10 16 0 51 17 11 13 4 20 74 28
0 16 0 16 52 20 4 12 12 4 52 20 11 9 8 12 64 26
0 16 0 16 49 19 5 11 14 2 48 20 14 6 9 11 66 19
0 25 4 21 57 23 19 6 24 1 66 14 9 16 1 24 64 16
0 16 1 15 55 21 10 6 16 0 56 20 7 13 3 17 63 32
16 9 20 5 68 7 25 0 4 21 53 22 21 4 11 14 68 7
0 16 0 16 47 17 3 13 13 3 45 19 15 5 8 12 67 13
0 9 0 9 37 29 0 9 0 9 48 18 8 7 13 2 70 40
0 16 0 16 43 25 0 16 7 9 52 16 16 4 13 7 70 15
0 16 0 16 45 27 1 15 10 6 58 14 17 7 14 10 75 33
0 16 0 16 61 27 1 15 10 6 58 30 16 8 10 14 92 40
0 25 2 23 46 19 8 17 22 3 54 11 11 14 8 17 61 4
0 25 2 23 71 19 9 16 22 3 50 40 13 12 2 23 69 21
3 46 26 23 128 19 42 7 42 7 127 20 5 44 3 46 121 26
0 16 2 14 54 10 8 8 16 0 48 16 10 10 6 14 64 16
0 16 0 16 46 18 6 10 14 2 46 18 18 2 11 9 64 16
0 16 2 14 51 13 8 8 15 1 46 18 13 7 6 14 68 12
0 16 1 15 49 15 5 11 15 1 50 14 15 5 9 11 68 12
0 16 1 15 46 22 7 9 15 1 54 14 9 11 6 14 62 23
0 16 0 16 47 17 5 11 14 2 40 24 10 6 5 11 51 13
0 16 0 16 51 25 2 14 10 6 41 35 15 5 8 12 57 38
0 16 5 11 44 12 12 4 16 0 40 16 4 12 0 16 48 8
0 16 0 16 55 25 1 15 11 5 58 22 17 3 12 8 76 24
0 16 2 14 41 19 8 8 16 0 49 11 13 7 8 12 66 9
0 16 0 16 58 14 4 12 14 2 44 28 15 5 8 12 64 26
0 16 1 15 45 23 10 6 15 1 57 11 12 12 6 18 76 26
0 25 9 16 65 15 18 7 24 1 58 22 9 16 1 24 72 8
15 1 8 8 19 49 16 0 9 7 50 18 16 0 16 0 21 47
42 7 25 24 44 110 49 0 43 6 131 23 47 2 43 6 31 123
14 2 12 4 28 36 16 0 12 4 42 22 14 2 16 0 14 50
15 1 10 6 13 51 16 0 4 12 43 21 19 1 20 0 27 53
15 1 15 1 16 60 16 0 10 6 51 25 16 0 16 0 31 45
28 8 31 5 52 104 31 5 9 27 83 73 34 2 34 2 29 127
31 33 17 47 67 117 56 8 30 34 121 63 61 3 55 9 26 158
31 5 36 0 23 121 36 0 21 15 101 43 48 0 48 0 74 118
12 4 15 1 20 48 13 3 13 3 47 21 13 3 16 0 21 47
12 4 15 1 20 48 13 3 13 3 47 21 13 3 16 0 21 47
32 17 39 10 28 133 42 7 46 3 140 21 46 10 56 0 70 114
15 1 16 0 20 68 16 0 9 7 51 37 24 0 23 1 51 81
14 2 16 0 9 59 16 0 12 4 43 25 20 0 20 0 46 39
15 1 12 4 24 40 16 0 9 7 46 18 16 0 16 0 19 45
12 4 14 2 27 41 13 3 10 6 45 23 16 4 19 1 22 63
15 1 2 14 10 62 16 0 4 12 56 16 20 0 20 0 43 47
13 3 14 2 7 65 16 0 11 5 41 31 20 0 19 1 44 46
15 1 15 1 11 57 16 0 11 5 52 16 20 0 20 0 33 52
34 15 25 24 45 137 49 0 22 27 152 30 58 5 61 2 88 146
11 5 16 0 12 72 16 0 11 5 44 40 24 0 22 2 60 66
11 5 16 0 24 48 13 3 12 4 48 24 18 2 20 0 25 65
14 2 11 5 24 48 16 0 10 6 45 27 20 0 20 0 26 64
14 2 7 9 8 52 16 0 7 9 44 16 20 0 20 0 32 43
14 2 14 2 16 52 15 1 11 5 48 20 18 2 20 0 26 59
13 3 2 14 5 67 16 0 4 12 49 23 24 0 23 1 56 52
23 13 33 3 38 106 30 6 29 7 111 33 35 7 40 2 46 122
26 10 31 5 50 94 31 5 31 5 115 29 39 3 42 0 53 115
25 11 25 11 49 83 34 2 23 13 95 37 42 0 40 2 34 120
39 10 30 19 44 138 49 0 29 20 149 33 52 4 55 1 62 146
0 25 7 18 33 117 5 20 19 6 88 62 6 19 8 17 92 58
14 35 42 7 33 121 45 4 34 15 106 48 62 1 57 6 42 156
28 8 28 8 29 109 36 0 26 10 109 29 47 1 47 1 65 119
29 7 23 13 30 102 36 0 24 12 87 45 47 1 42 6 37 139
42 7 25 24 51 131 49 0 37 12 146 36 62 1 50 13 42 192
24 1 18 7 38 62 25 0 12 13 56 44 24 1 23 2 14 86
15 1 11 5 15 49 16 0 8 8 46 18 16 0 16 0 18 46
23 2 25 0 16 124 25 0 22 3 88 52 34 1 35 0 118 78
15 1 16 0 10 58 16 0 5 11 45 23 16 0 16 0 25 43
6 3 9 0 8 43 9 0 6 3 22 29 14 1 14 1 31 54
14 2 1 15 9 55 16 0 5 11 51 13 16 0 16 0 30 34
12 4 11 5 11 57 16 0 9 7 49 19 20 0 20 0 32 53
15 1 13 3 14 50 16 0 10 6 49 15 19 1 20 0 24 56
40 9 22 27 71 104 49 0 37 12 144 31 48 1 38 11 29 146
13 3 13 3 10 58 16 0 9 7 47 21 20 0 20 0 36 49
12 4 3 13 20 52 16 0 7 9 51 21 18 2 19 1 21 69
17 8 10 15 37 58 25 0 7 18 57 38 25 0 23 2 12 83
14 2 16 0 19 49 16 0 9 7 43 25 23 1 24 0 32 70
30 6 32 4 32 106 36 0 29 7 110 28 26 10 36 0 53 85
15 1 12 4 18 54 16 0 6 10 49 23 20 0 20 0 24 66
16 0 0 16 19 45 16 0 5 11 48 16 16 0 16 0 16 48
14 2 11 5 24 48 16 0 10 6 45 27 20 0 20 0 26 64
30 6 25 11 35 103 36 0 22 14 108 30 41 1 42 0 58 103
31 5 27 9 49 113 36 0 13 23 107 55 42 0 42 0 56 133
3 13 12 4 30 70 7 9 16 0 59 41 0 24 24 0 78 72
15 1 3 13 24 44 16 0 10 6 48 20 15 1 16 0 13 55
12 13 13 12 35 65 20 5 9 16 57 43 20 5 24 1 16 84
15 1 16 0 9 75 16 0 4 12 36 48 24 0 18 6 44 82
11 5 15 1 14 58 15 1 12 4 47 25 16 4 20 0 31 59
13 3 14 2 7 65 16 0 11 5 41 31 20 0 19 1 44 46
11 5 16 0 14 58 14 2 12 4 50 22 17 3 20 0 35 55
14 2 0 16 13 51 16 0 4 12 51 13 15 1 16 0 16 48
14 2 15 1 22 50 16 0 6 10 39 33 15 1 16 0 17 55
13 3 7 9 27 45 16 0 11 5 47 25 16 0 16 0 20 52
8 1 3 6 0 60 9 0 0 9 18 42 15 0 6 9 30 70
7 9 15 1 28 52 14 2 7 9 33 47 23 1 22 2 27 93
24 1 16 9 33 72 25 0 8 17 66 39 25 0 25 0 28 77
14 2 15 1 17 51 16 0 5 11 38 30 16 0 16 0 15 53
15 1 16 0 8 68 16 0 8 8 41 35 24 0 21 3 57 57
15 1 16 0 11 57 16 0 6 10 43 25 16 0 16 0 28 40
8 1 9 0 4 47 9 0 6 3 15 36 12 0 11 1 34 34
11 5 16 0 16 56 14 2 13 3 49 23 16 4 20 0 38 52
11 5 14 2 22 58 12 4 9 7 41 39 19 5 21 3 36 84
12 4 1 15 5 59 16 0 4 12 47 17 19 1 20 0 31 49
15 1 13 3 35 41 16 0 10 6 48 28 18 2 20 0 27 68
13 3 11 5 6 58 16 0 7 9 44 20 20 0 20 0 37 43
12 4 16 0 20 64 16 0 13 3 44 40 24 0 23 1 40 86
11 5 11 5 10 58 15 1 10 6 45 23 19 1 20 0 24 61
8 1 9 0 3 54 9 0 6 3 22 35 15 0 12 3 58 37
33 3 5 31 36 108 36 0 17 19 114 30 34 2 35 1 35 109
15 1 16 0 7 69 16 0 12 4 32 44 24 0 23 1 55 59
14 2 15 1 16 52 16 0 11 5 48 20 19 1 20 0 27 58
10 6 3 13 9 63 13 3 4 12 51 21 16 4 20 0 30 60
15 1 13 3 13 55 16 0 10 6 49 19 20 0 20 0 30 55
11 5 16 0 27 57 12 4 12 4 45 39 16 4 20 0 38 67
11 5 13 3 10 70 14 2 4 12 38 42 16 0 14 2 22 58
15 1 14 2 20 64 16 0 5 11 52 32 23 1 21 3 39 87
8 8 10 6 19 49 15 1 11 5 49 19 20 0 20 0 32 53
11 5 11 5 22 62 16 0 9 7 46 38 24 0 22 2 39 87
13 3 10 6 21 51 16 0 5 11 31 41 16 0 16 0 14 58
21 4 18 7 2 83 25 0 12 13 60 25 25 0 24 1 26 59
15 1 6 10 4 64 16 0 1 15 40 28 16 0 14 2 31 37
15 1 11 5 3 65 16 0 5 11 38 30 24 0 21 3 48 54
12 4 15 1 23 53 14 2 6 10 48 28 12 4 16 0 23 53
11 5 15 1 5 71 13 3 6 10 45 31 12 4 14 2 38 38
10 6 14 2 29 47 12 4 11 5 52 24 16 4 18 2 17 78
26 10 33 3 34 110 30 6 34 2 116 28 40 8 48 0 75 117
8 8 11 5 8 56 16 0 10 6 46 18 17 3 20 0 34 46
14 2 14 2 18 50 15 1 11 5 50 18 16 4 20 0 29 56
11 14 7 18 23 67 25 0 14 11 58 32 23 2 23 2 17 73
36 13 26 23 10 144 45 4 36 13 122 32 44 5 48 1 48 106
8 17 15 10 54 31 24 1 15 10 66 19 22 8 27 3 92 10
8 8 15 1 53 11 16 0 8 8 45 19 17 3 16 4 71 9
6 10 15 1 55 17 15 1 11 5 54 18 13 11 22 2 96 12
19 30 43 6 91 70 48 1 37 12 136 25 39 24 61 2 168 39
9 16 20 5 61 19 25 0 10 15 62 18 18 7 25 0 72 8
13 3 16 0 70 2 16 0 8 8 49 23 23 1 21 3 95 13
5 11 13 3 52 16 16 0 11 5 51 17 17 3 18 2 77 8
8 17 18 7 54 41 24 1 13 12 66 29 17 13 25 5 82 32
12 24 29 7 102 36 31 5 24 12 113 25 24 18 41 1 145 16
22 27 41 8 113 48 47 2 28 21 136 25 34 22 55 1 160 24
6 10 12 4 55 9 15 1 12 4 52 12 16 4 18 2 77 3
18 7 21 4 54 41 23 2 0 25 50 45 10 20 22 8 84 30
7 9 15 1 50 18 16 0 8 8 48 20 17 3 16 4 74 11
9 7 12 4 48 12 16 0 5 11 34 26 17 3 17 3 64 11
20 44 54 10 126 98 61 3 22 42 165 59 42 30 65 7 204 48
1 15 9 7 51 29 13 3 8 8 46 34 19 5 16 8 90 30
2 7 7 2 43 8 9 0 6 3 32 19 12 3 12 3 65 20
6 10 14 2 62 10 15 1 4 12 36 36 10 6 14 2 63 9
9 27 26 10 118 44 34 2 19 17 110 52 38 10 36 12 177 39
11 25 30 6 114 24 34 2 26 10 125 13 29 19 47 1 171 13
3 6 8 1 44 10 8 1 7 2 29 25 8 7 13 2 67 23
9 7 16 0 55 9 16 0 8 8 46 18 16 4 17 3 73 7
6 19 15 10 47 33 24 1 11 14 61 19 23 7 26 4 82 14
13 12 20 5 60 25 25 0 7 18 62 23 17 13 25 5 82 20
13 23 35 1 108 24 31 5 23 13 99 33 22 20 42 0 139 15
5 20 17 8 73 22 23 2 12 13 65 30 24 6 26 4 83 31
6 10 15 1 60 8 15 1 10 6 47 21 14 6 19 1 76 9
19 6 23 2 51 19 24 1 6 19 47 23 12 13 22 3 59 11
6 10 15 1 60 8 15 1 10 6 47 21 14 6 19 1 76 9
8 17 18 7 59 21 23 2 8 17 56 24 18 7 22 3 69 11
4 12 14 2 54 26 15 1 11 5 53 27 9 11 19 1 87 13
5 11 12 4 52 8 16 0 10 6 47 13 16 4 20 0 68 7
5 31 22 14 95 31 33 3 27 9 107 19 34 14 44 4 149 19
21 28 38 11 125 50 44 5 33 16 143 32 28 28 49 7 174 26
3 13 13 3 69 11 15 1 6 10 36 44 13 7 14 6 77 23
31 5 29 7 30 36 30 6 30 6 43 23 9 27 21 15 58 8
13 12 22 3 55 25 22 3 11 14 61 19 9 16 23 2 70 10
5 11 14 2 51 37 15 1 4 12 38 50 9 11 14 6 70 40
14 22 30 6 120 36 35 1 17 19 118 38 24 24 39 9 177 31
12 37 32 17 98 49 42 7 20 29 133 14 34 29 42 21 167 22
10 15 20 5 70 40 25 0 5 20 76 34 12 13 24 1 94 16
10 26 30 6 101 37 32 4 28 8 120 18 30 18 46 2 169 15
5 11 14 2 51 37 15 1 4 12 38 50 9 11 14 6 70 40
6 10 15 1 58 10 16 0 10 6 48 20 15 5 18 2 75 10
3 13 11 5 51 13 14 2 8 8 43 21 11 5 14 2 57 7
3 13 11 5 48 16 14 2 12 4 46 18 14 10 21 3 83 13
13 12 23 2 68 17 25 0 10 15 62 23 12 13 22 3 74 11
5 11 14 2 74 10 13 3 8 8 39 45 10 10 15 5 85 20
3 13 11 5 55 17 14 2 13 3 54 18 19 5 21 3 93 15
40 9 44 5 120 20 45 4 1 48 86 54 42 7 37 12 128 12
11 14 20 5 72 18 23 2 0 25 43 47 10 15 19 6 80 10
3 13 11 5 48 24 13 3 11 5 53 19 12 12 21 3 90 18
8 17 20 5 75 45 24 1 7 18 70 50 18 7 22 3 94 26
6 10 15 1 62 10 15 1 10 6 53 19 14 6 18 2 83 7
6 10 15 1 50 14 15 1 4 12 33 31 10 6 13 3 56 8
14 22 34 2 131 19 30 6 18 18 114 36 20 22 41 1 160 15
6 10 14 2 55 13 14 2 10 6 47 21 9 11 18 2 76 9
3 13 11 5 51 21 13 3 8 8 44 28 9 11 16 4 73 17
8 8 16 0 57 15 15 1 5 11 44 28 11 9 18 2 75 15
6 10 14 2 52 16 16 0 9 7 55 13 19 5 21 3 87 15
1 8 5 4 44 10 7 2 6 3 21 33 13 2 12 3 56 34
8 17 19 6 71 29 24 1 3 22 52 48 17 8 18 7 79 21
7 9 16 0 61 7 16 0 9 7 48 20 14 6 18 2 77 8
14 11 20 5 72 18 20 5 0 25 47 43 13 12 18 7 71 19
3 13 11 5 54 14 14 2 13 3 54 14 17 7 21 3 93 9
13 12 24 1 69 46 22 3 6 19 62 53 14 11 22 3 87 28
6 10 15 1 55 9 15 1 10 6 45 19 10 6 15 1 61 3
14 11 21 4 76 19 20 5 0 25 47 48 10 15 20 5 74 21
9 7 16 0 56 8 16 0 5 11 44 20 13 3 14 2 61 3
14 11 22 3 56 39 25 0 1 24 48 47 19 6 16 9 53 42
5 11 12 4 55 13 15 1 11 5 50 18 19 5 21 3 90 12
9 7 16 0 48 12 16 0 8 8 43 17 14 6 19 1 70 5
6 10 15 1 63 5 16 0 9 7 43 25 13 7 19 1 75 10
6 30 22 14 87 15 33 3 26 10 83 19 33 3 36 0 53 49
6 10 15 1 53 15 16 0 3 13 36 32 12 4 13 3 59 9
8 8 16 0 57 15 15 1 5 11 44 28 11 9 18 2 75 15
4 12 12 4 49 15 15 1 12 4 56 8 17 7 22 2 89 7
3 13 11 5 57 11 14 2 13 3 53 15 21 3 21 3 86 16
10 15 21 4 60 30 25 0 1 24 48 42 14 11 21 4 73 17
2 34 16 20 74 28 30 6 26 10 82 20 39 3 37 5 72 47
8 8 15 1 53 15 16 0 4 12 39 29 13 3 13 3 58 10
2 14 10 6 58 10 11 5 13 3 54 14 19 5 21 3 88 14
2 7 7 2 43 8 9 0 6 3 32 19 12 3 12 3 65 20
13 12 20 5 72 8 25 0 10 15 52 28 20 5 25 0 77 3
5 20 17 8 76 34 21 4 10 15 59 51 19 11 23 7 101 31
8 1 9 0 50 4 9 0 8 1 35 19 15 0 13 2 71 19
4 32 17 19 81 21 33 3 25 11 79 23 39 3 39 3 68 51
7 9 11 5 51 13 16 0 1 15 36 28 13 3 12 4 53 11
3 13 11 5 44 28 15 1 6 10 41 31 14 6 14 6 67 23
10 15 21 4 51 29 23 2 1 24 54 26 11 14 22 3 71 9
4 12 14 2 46 22 13 3 10 6 50 18 12 8 18 2 76 9
6 10 15 1 48 16 14 2 11 5 49 15 10 6 16 0 60 4
11 14 20 5 60 25 25 0 13 12 68 17 19 11 30 0 87 15
5 11 12 4 51 21 16 0 9 7 51 21 14 10 19 5 91 17
10 15 21 4 60 25 24 1 19 6 76 9 21 9 30 0 100 2
14 11 20 5 54 21 25 0 12 13 54 21 11 14 20 5 64 11
26 23 45 4 93 61 48 1 35 14 135 19 30 26 56 0 160 16
13 12 24 1 85 20 24 1 5 20 67 38 11 14 23 2 87 18
3 13 11 5 50 18 15 1 3 13 39 29 13 3 11 5 60 8
5 11 13 3 52 28 15 1 11 5 51 29 9 11 17 3 79 21
13 23 34 2 61 83 33 3 19 17 105 39 24 24 44 4 153 39
11 38 40 9 68 93 38 11 37 12 149 12 22 34 54 2 99 85
6 10 16 0 31 37 15 1 11 5 55 13 14 6 18 2 52 33
14 11 24 1 16 79 21 4 5 20 71 24 8 17 21 4 54 41
20 29 45 4 89 100 48 1 20 29 147 42 32 24 52 4 77 139
15 21 33 3 54 84 35 1 26 10 122 16 30 18 46 2 108 76
5 11 15 1 43 41 15 1 11 5 55 29 13 11 22 2 59 67
4 12 14 2 32 28 13 3 6 10 49 11 13 3 14 2 33 27
3 13 12 4 30 42 15 1 7 9 44 28 14 6 15 5 54 36
1 8 6 3 16 35 8 1 7 2 29 22 9 6 13 2 54 31
30 19 43 6 74 66 46 3 22 27 108 32 36 20 55 1 156 4
16 20 34 2 79 47 36 0 16 20 108 18 31 11 41 1 69 78
11 5 16 0 49 15 16 0 7 9 44 20 20 0 17 3 76 4
6 10 15 1 36 44 15 1 11 5 63 17 14 6 18 2 58 42
16 9 24 1 18 77 23 2 2 23 70 25 8 17 21 4 54 41
26 23 46 3 46 122 39 10 7 42 121 47 32 17 29 20 61 107
19 30 44 5 91 98 46 3 21 28 148 41 31 25 52 4 82 134
38 11 47 2 74 66 49 0 24 25 114 26 36 20 53 3 155 5
9 16 21 4 33 52 25 0 2 23 61 24 19 6 17 8 38 47
31 18 45 4 51 89 48 1 21 28 108 32 38 25 55 8 167 13
6 10 15 1 32 40 16 0 8 8 52 20 14 10 17 7 62 46
0 36 5 31 20 106 29 7 26 10 69 57 32 10 26 16 76 71
19 30 43 6 49 175 45 4 27 22 158 66 45 18 49 14 131 157
14 22 31 5 52 110 34 2 16 20 131 31 26 22 40 8 119 97
3 13 11 5 38 34 12 4 12 4 48 24 18 6 21 3 54 54
6 10 16 0 32 40 14 2 10 6 58 14 6 10 16 0 41 31
16 9 20 5 72 38 25 0 6 19 73 37 23 2 25 0 92 18
14 11 25 0 35 50 25 0 7 18 64 21 15 10 23 2 59 26
6 10 14 2 38 26 15 1 11 5 53 11 15 5 20 0 45 35
3 13 11 5 36 36 14 2 13 3 64 8 14 10 22 2 59 49
6 10 16 0 33 31 15 1 10 6 52 12 13 7 19 1 51 29
6 10 15 1 39 25 16 0 7 9 49 15 10 6 15 1 32 32
3 13 14 2 45 19 13 3 13 3 50 14 9 7 16 0 37 27
12 13 23 2 31 54 25 0 8 17 65 20 18 12 26 4 65 37
3 13 11 5 26 54 13 3 13 3 56 24 15 9 21 3 74 46
6 10 14 2 28 40 15 1 11 5 56 12 13 7 18 2 52 33
6 10 12 4 22 50 15 1 3 13 45 27 12 8 12 8 46 44
7 9 16 0 43 25 16 0 6 10 48 20 13 7 18 2 41 44
3 13 14 2 45 27 14 2 10 6 41 31 13 3 15 1 37 35
6 10 13 3 27 49 15 1 5 11 45 31 9 11 14 6 46 49
15 21 34 2 36 96 34 2 21 15 113 19 26 22 46 2 108 68
18 18 36 0 42 90 36 0 16 20 118 14 21 21 41 1 93 61
7 9 16 0 28 40 16 0 8 8 43 25 14 6 17 3 64 21
6 10 14 2 24 44 15 1 10 6 59 9 16 4 18 2 48 37
1 24 9 16 20 75 20 5 23 2 74 21 24 11 30 5 60 73
3 6 9 0 24 27 9 0 6 3 32 19 8 4 11 1 35 33
14 22 32 4 56 76 34 2 25 11 118 14 29 13 40 2 80 74
7 18 22 3 51 49 23 2 14 11 82 18 16 9 24 1 55 45
3 13 11 5 28 36 14 2 13 3 55 9 14 6 18 2 44 36
6 10 16 0 36 40 15 1 9 7 51 25 18 6 20 4 80 34
6 10 14 2 30 34 15 1 11 5 57 7 14 6 18 2 51 29
5 11 14 2 31 41 13 3 11 5 48 24 10 10 18 2 71 19
6 10 14 2 32 44 15 1 6 10 50 26 16 8 17 7 55 59
3 6 7 2 16 35 9 0 5 4 25 26 9 3 10 2 45 23
6 10 12 4 18 42 16 0 1 15 31 29 9 7 12 4 39 21
3 13 15 1 16 48 11 5 0 16 46 18 8 12 11 9 32 48
14 11 24 1 35 45 25 0 8 17 72 8 15 10 25 0 40 40
3 13 12 4 26 42 14 2 11 5 42 26 14 10 20 4 70 32
6 10 14 2 19 57 16 0 8 8 47 29 18 6 17 7 70 44
0 9 4 5 30 30 6 3 6 3 37 23 7 2 7 2 25 35
37 12 35 14 66 74 37 12 2 47 74 66 47 2 38 11 119 21
3 13 13 3 25 47 15 1 12 4 56 16 14 10 21 3 58 50
4 12 12 4 25 43 15 1 10 6 58 10 17 7 21 3 64 38
6 10 15 1 32 44 16 0 7 9 52 24 14 10 19 5 59 55
6 10 15 1 23 37 16 0 7 9 53 7 14 2 13 3 32 28
6 10 15 1 25 51 15 1 6 10 55 21 19 5 19 5 63 51
7 9 16 0 29 47 16 0 9 7 55 21 13 7 18 2 61 34
6 10 15 1 35 33 15 1 9 7 52 16 9 11 18 2 51 34
7 9 16 0 25 39 15 1 8 8 42 22 13 11 21 3 72 24
9 16 20 5 33 72 22 3 5 20 70 35 13 12 21 4 46 59
6 10 16 0 29 31 15 1 6 10 40 20 11 5 16 0 37 23
14 11 24 1 17 58 25 0 7 18 69 6 17 8 25 0 37 38
3 13 13 3 21 55 15 1 8 8 55 21 17 7 18 6 65 49
3 13 13 3 35 37 14 2 11 5 56 16 13 11 21 3 59 49
14 22 35 1 80 76 32 4 20 16 120 36 21 21 40 2 77 105
6 10 14 2 29 39 15 1 10 6 53 15 12 8 18 2 47 38
3 13 12 4 25 43 14 2 8 8 44 24 10 10 17 3 60 25
9 7 16 0 33 35 16 0 7 9 56 12 13 7 18 2 48 37
6 10 15 1 27 49 13 3 3 13 47 29 11 9 14 6 48 47
6 10 15 1 46 22 16 0 11 5 57 11 17 3 19 1 46 39
14 22 35 1 70 68 35 1 25 11 126 12 30 18 48 0 113 71
3 13 13 3 22 50 15 1 12 4 59 13 18 6 20 4 72 36
1 8 8 1 27 36 8 1 7 2 29 34 11 1 9 3 45 39
5 4 6 3 37 17 9 0 8 1 33 21 12 3 13 2 68 22
1 8 7 2 25 32 8 1 8 1 35 22 11 4 13 2 54 41
2 14 12 4 30 42 13 3 13 3 61 11 19 5 20 4 65 43
6 19 19 6 35 65 23 2 3 22 70 30 12 13 17 8 41 59
0 9 5 4 26 34 5 4 8 1 38 22 9 6 14 1 50 50
14 22 34 2 69 69 34 2 23 13 126 12 30 18 44 4 98 86
6 10 15 1 31 29 14 2 10 6 43 17 6 10 16 0 43 17
4 5 7 2 19 41 9 0 4 5 28 32 10 5 11 4 50 50
4 12 14 2 44 36 14 2 11 5 65 15 18 6 22 2 56 64
6 10 14 2 19 49 15 1 5 11 45 23 9 7 11 5 38 30
9 16 22 3 44 46 24 1 3 22 57 33 16 9 22 3 38 52
6 10 15 1 26 50 14 2 2 14 49 27 9 11 15 5 42 53
7 9 15 1 27 49 16 0 2 14 49 27 13 7 15 5 44 51
5 11 13 3 27 45 15 1 8 8 56 16 16 4 17 3 51 39
5 11 14 2 32 40 15 1 10 6 51 21 19 5 21 3 68 40
6 10 15 1 27 41 15 1 5 11 50 18 17 7 17 7 54 48
3 13 13 3 35 41 13 3 9 7 45 31 11 5 15 1 47 29
