22 14 66 54 27 15 95 45
14 11 60 35 24 6 54 60
24 25 91 56 32 17 83 64
32 17 94 39 36 13 86 47
31 18 96 37 40 16 101 51
23 13 87 21 32 10 83 43
100 21 183 70 90 31 200 53
82 39 251 46 100 21 227 70
65 35 217 43 82 18 199 61
28 21 96 93 39 10 112 77
29 20 93 40 41 8 89 44
31 18 90 50 42 14 94 66
75 25 203 47 87 13 191 59
24 12 83 25 34 8 84 42
18 18 79 41 36 6 71 69
34 15 88 59 36 13 93 54
28 21 103 72 43 13 140 60
24 12 83 25 34 8 84 42
50 31 189 45 72 18 184 76
22 14 57 51 22 14 65 43
41 8 78 41 39 10 64 55
28 21 94 39 41 8 79 54
28 21 69 43 37 12 60 52
27 22 101 39 41 15 99 61
19 17 83 25 30 12 78 48
29 20 106 34 40 16 102 58
80 41 237 82 101 31 247 101
17 32 110 37 48 8 106 62
41 23 109 43 43 21 101 51
75 25 194 46 83 17 186 54
19 81 183 77 65 35 165 95
68 53 201 107 81 40 202 106
60 40 185 105 79 31 193 126
63 37 187 43 87 13 172 58
68 32 187 53 84 26 189 75
19 17 78 30 32 10 66 60
27 22 98 35 37 12 94 39
24 12 89 25 35 7 73 60
74 26 212 38 91 19 215 60
24 12 88 20 36 6 76 50
21 28 57 69 35 14 65 61
30 19 111 43 35 14 89 65
23 13 58 38 27 9 62 34
28 21 86 61 36 13 75 72
28 21 86 61 36 13 75 72
20 16 77 31 23 19 74 52
67 33 186 54 80 20 172 68
65 35 213 47 85 15 194 66
77 44 209 88 86 35 190 107
30 19 81 66 35 14 86 61
17 32 110 37 48 8 106 62
24 12 85 29 30 12 90 43
32 17 92 41 35 14 85 48
27 9 83 31 36 6 75 58
60 40 224 86 72 38 232 109
21 15 96 18 38 4 79 54
29 20 87 46 31 18 82 51
31 18 100 40 33 16 94 46
81 40 246 62 90 31 193 115
24 12 57 51 23 13 64 44
35 14 91 49 35 14 79 61
30 19 104 29 47 9 100 52
18 18 82 32 34 8 75 58
22 14 66 42 28 8 58 50
32 17 84 63 34 15 64 83
23 13 94 20 33 9 85 48
35 29 87 113 35 29 119 81
19 6 63 37 20 10 60 60
32 17 90 50 39 17 105 55
28 21 97 50 40 16 85 83
31 18 85 76 35 14 107 54
22 14 66 54 27 15 95 45
84 60 239 97 89 55 241 95
33 16 92 55 39 17 99 69
20 16 89 31 29 13 76 64
64 36 163 97 62 38 146 114
24 25 91 63 41 15 87 89
34 15 94 32 36 13 86 40
28 21 95 31 40 16 95 49
23 13 90 36 33 9 81 66
40 24 90 102 33 39 112 104
27 22 76 71 37 19 95 73
13 12 92 23 21 9 84 54
43 21 95 89 35 29 123 61
73 48 234 85 92 29 232 87
30 19 85 48 43 13 91 61
82 39 246 95 72 49 251 90
26 23 104 29 47 9 91 61
29 20 87 46 31 18 82 51
19 17 60 48 25 11 52 56
33 16 95 38 42 14 95 57
19 17 89 25 36 6 78 55
32 17 113 27 46 10 112 48
30 19 101 53 39 10 84 70
20 16 89 31 29 13 76 64
19 17 75 57 24 18 66 88
32 17 93 47 43 13 94 66
27 9 91 35 32 10 85 62
32 17 100 33 42 7 90 43
15 10 101 4 26 4 73 53
2 7 18 54 9 3 96 0
3 6 36 27 9 0 62 1
8 17 60 95 29 1 185 1
6 3 25 47 9 0 72 0
15 34 44 159 51 5 218 14
30 6 49 119 23 13 161 7
12 4 14 70 15 1 84 0
10 6 17 67 13 3 84 0
2 14 21 71 16 4 104 11
3 6 13 62 11 1 100 0
13 12 50 35 25 0 85 0
13 3 18 78 16 0 96 0
15 21 46 158 34 2 204 0
29 20 104 148 41 8 251 1
2 7 14 55 8 1 69 0
2 7 29 34 8 1 63 0
16 20 56 118 36 6 201 2
1 8 29 43 9 3 73 23
28 8 32 130 25 11 153 9
10 15 26 74 24 1 100 0
10 15 61 89 25 5 180 0
8 17 26 84 21 4 99 11
3 6 30 36 11 1 82 6
1 8 25 53 7 2 78 0
3 6 27 36 6 3 63 0
26 10 58 110 27 9 167 1
1 3 10 30 4 0 40 0
1 3 7 39 6 0 60 9
3 6 29 40 8 4 85 7
6 19 21 79 27 3 114 6
6 3 15 60 9 0 75 0
3 6 21 42 12 0 84 0
4 5 23 46 9 0 69 0
10 15 22 88 24 1 104 6
4 5 28 32 9 0 60 0
18 7 37 78 7 18 93 22
3 6 62 10 9 0 70 2
6 10 39 61 19 1 125 0
5 4 9 57 11 1 88 0
1 8 28 35 7 2 63 0
1 15 21 67 12 4 74 14
3 6 62 10 9 0 70 2
3 6 32 37 9 0 69 0
3 6 27 36 6 3 63 0
1 8 29 43 9 3 73 23
10 15 20 75 23 2 92 3
0 4 6 34 5 1 60 0
8 1 28 35 9 0 63 0
3 6 9 57 12 0 78 10
6 19 23 152 24 6 208 2
4 5 23 46 9 0 69 0
1 8 14 64 11 1 104 0
16 9 29 111 29 1 165 3
3 6 29 37 8 1 66 0
3 6 24 42 10 2 88 0
6 10 45 43 12 4 85 3
3 6 33 33 9 0 66 0
19 6 9 101 14 11 93 17
1 15 17 71 15 5 86 24
6 3 31 32 9 0 62 1
5 4 31 35 9 0 66 0
18 7 21 89 11 14 88 22
5 4 31 35 8 1 66 0
1 8 9 66 11 1 96 4
6 3 27 33 9 0 60 0
10 6 30 74 13 7 76 54
5 4 14 55 9 0 69 0
1 3 5 43 6 0 52 20
7 9 32 56 15 1 88 0
1 15 20 72 15 1 92 0
24 25 71 174 33 16 224 21
18 7 60 90 10 20 70 110
3 13 17 67 17 3 90 15
9 7 16 84 14 2 98 2
4 5 26 46 12 0 85 11
21 4 42 103 7 23 102 72
11 5 16 80 14 2 95 1
4 5 13 65 10 2 103 1
1 15 17 71 15 5 86 24
3 6 13 50 11 1 84 0
6 3 12 60 12 0 94 2
1 3 11 39 6 0 75 0
13 12 70 105 27 3 209 1
3 6 12 60 9 3 95 1
5 4 19 44 9 0 63 0
1 8 30 42 11 1 96 0
20 5 17 88 12 18 87 39
1 15 19 69 15 5 94 16
1 15 15 69 17 3 88 17
10 6 34 54 16 0 88 0
4 5 10 59 9 0 69 0
7 18 49 96 26 4 174 0
12 4 16 76 10 10 92 23
16 20 74 100 29 7 174 0
3 6 14 58 7 2 67 5
3 13 18 66 18 2 91 14
3 6 17 52 12 0 92 0
1 8 22 41 8 1 63 0
18 18 61 107 42 0 196 0
1 8 34 32 9 0 62 4
23 13 64 32 32 10 57 55
41 23 86 90 48 16 105 71
21 15 55 53 33 9 70 56
37 12 67 52 43 13 80 56
35 14 78 55 35 14 89 44
24 12 60 48 28 14 81 45
41 23 56 88 39 25 104 40
35 29 73 135 39 25 108 100
47 34 52 164 34 47 112 104
82 18 168 92 81 19 190 70
19 17 51 57 31 11 71 55
67 33 195 75 84 26 246 51
26 23 65 75 45 11 108 52
29 20 70 77 44 12 107 61
26 10 75 45 34 8 96 44
56 25 145 89 68 22 186 74
73 27 146 114 89 21 209 77
40 24 88 96 41 31 108 99
29 7 64 38 31 5 69 33
43 57 97 153 75 25 151 99
37 12 83 71 42 14 117 59
25 24 68 86 40 16 103 73
32 32 74 94 44 20 89 79
26 23 69 57 45 11 97 47
22 14 68 40 37 5 85 41
75 25 164 86 76 24 185 65
37 12 76 50 44 5 80 46
62 19 156 78 77 13 195 65
19 30 64 55 46 3 82 37
40 24 54 114 33 31 88 80
25 11 63 87 33 9 105 70
23 26 46 87 37 12 76 57
18 18 46 62 32 10 77 49
18 18 52 62 31 11 76 57
30 6 66 54 31 11 76 64
59 22 112 140 68 22 187 93
19 6 35 60 20 10 63 51
51 49 45 85 47 53 78 52
46 18 86 106 33 31 104 88
41 23 56 88 39 25 104 40
38 43 105 102 59 22 127 80
25 24 66 67 48 8 109 43
38 43 105 102 59 22 127 80
36 13 88 45 41 8 90 43
24 12 58 50 33 3 73 35
25 11 50 70 25 11 61 59
28 8 66 54 31 11 83 57
29 7 54 72 29 13 91 56
23 13 69 45 37 5 89 44
30 6 53 61 25 11 87 27
25 11 63 87 33 9 105 70
25 11 51 69 28 14 82 58
18 7 44 46 27 3 65 43
61 39 97 183 73 37 174 134
31 18 76 57 35 14 87 46
22 14 51 63 34 8 81 52
25 24 71 76 39 10 95 52
32 17 68 58 40 9 76 50
22 14 34 80 34 8 84 49
28 21 81 38 36 13 70 49
32 32 79 97 44 20 107 69
36 13 70 77 36 20 120 48
35 29 71 105 37 27 84 92
66 34 112 178 80 30 198 121
80 64 167 109 96 48 149 127
38 11 70 63 42 14 109 43
38 11 79 54 40 9 93 40
23 26 59 81 49 7 111 49
33 16 50 97 38 18 80 88
36 13 73 74 34 15 103 44
24 12 45 75 35 7 93 47
23 13 59 103 33 9 100 89
31 18 87 53 43 6 99 41
43 21 102 90 47 17 128 64
19 17 59 49 39 3 80 46
29 20 54 79 39 10 87 46
27 22 63 77 42 14 88 72
23 13 56 52 27 9 54 54
29 20 76 50 43 6 85 41
25 24 56 77 43 13 89 63
21 15 60 54 32 10 72 61
70 51 163 211 87 34 252 122
19 6 60 35 27 3 80 34
40 24 79 97 37 27 120 56
28 8 70 38 37 5 88 38
26 23 76 92 40 16 105 87
37 12 59 81 35 14 92 48
29 20 72 96 43 13 116 76
72 28 152 98 81 29 199 76
27 22 72 75 30 19 92 55
37 12 67 66 34 15 91 42
28 8 50 64 27 15 62 71
21 15 62 64 35 7 96 51
87 34 121 154 81 51 184 116
19 17 49 53 24 12 46 56
29 20 70 84 40 16 105 71
29 20 65 61 39 10 78 48
47 17 32 112 29 35 86 58
26 23 70 49 39 17 101 35
28 21 88 80 46 10 109 83
45 19 78 82 62 10 144 36
31 18 55 99 39 10 113 41
21 15 47 67 36 6 109 24
31 18 57 97 39 17 131 45
72 28 76 164 67 33 198 42
21 15 47 67 36 6 109 24
63 18 108 108 70 20 207 33
26 10 29 67 32 10 79 33
23 13 34 74 30 6 78 30
30 19 56 98 40 9 112 42
51 30 98 163 69 21 206 84
21 15 55 53 37 5 104 22
20 16 43 65 36 6 98 28
56 44 93 167 75 25 182 78
26 10 50 64 32 10 110 23
34 15 58 75 36 13 113 20
37 12 59 116 33 23 131 69
20 16 43 65 36 6 98 28
32 17 45 88 30 19 101 32
21 15 29 85 30 12 89 44
64 57 110 165 92 29 187 88
24 25 58 61 43 6 100 19
24 25 46 122 44 12 140 52
58 86 131 169 105 39 238 62
29 7 36 72 32 10 103 23
26 23 36 97 42 14 111 41
29 20 63 56 43 6 103 16
32 17 45 88 30 19 101 32
25 11 46 62 28 8 87 21
51 30 32 85 43 38 92 25
45 19 78 82 62 10 144 36
34 15 50 76 37 12 105 21
33 16 41 85 32 17 97 29
34 15 48 92 38 11 110 30
28 8 53 55 34 8 104 22
22 27 64 97 49 7 139 45
26 10 33 75 27 9 80 28
33 16 52 74 39 10 101 25
16 9 31 59 28 2 76 32
20 16 41 73 32 10 105 28
17 19 35 73 37 5 94 32
19 17 35 79 35 7 91 42
41 8 66 67 43 6 114 19
35 14 41 113 37 19 110 66
20 16 49 71 30 12 112 28
27 9 93 45 36 6 119 42
22 27 43 90 46 10 118 34
34 15 62 64 42 7 108 18
19 17 43 65 32 4 80 28
34 15 46 101 31 18 113 34
20 16 47 67 33 9 104 29
33 16 43 97 34 15 103 37
34 15 51 75 41 8 106 20
18 18 44 76 36 6 103 37
37 12 67 59 42 7 111 15
64 36 129 121 84 16 214 36
27 9 44 70 26 10 93 21
24 12 53 61 30 6 92 22
25 11 44 70 36 6 102 31
34 15 58 75 36 13 113 20
30 19 53 101 39 10 110 44
28 21 39 80 35 21 104 32
103 18 91 184 103 29 251 49
56 44 116 134 80 20 210 40
33 16 53 94 35 14 119 28
24 12 43 119 31 11 122 67
31 18 50 97 40 9 107 40
34 15 50 76 38 11 102 24
39 10 21 112 28 21 97 36
50 14 38 106 28 36 102 42
32 17 50 90 43 13 128 32
26 23 31 88 43 13 103 33
38 11 66 74 39 10 118 22
24 12 48 78 29 13 111 36
46 18 72 120 35 29 146 46
17 19 37 83 33 9 90 50
37 12 61 107 36 13 139 29
36 13 55 85 43 13 126 34
66 34 108 152 67 43 243 43
35 14 57 83 38 11 112 28
23 13 36 66 27 9 82 20
71 29 127 123 86 24 235 40
40 24 68 148 32 32 168 48
30 6 22 98 28 14 95 45
36 13 47 86 35 14 103 30
29 35 54 90 51 13 115 29
17 19 38 94 38 4 98 56
21 15 53 55 35 7 105 21
25 11 41 61 36 6 102 17
79 42 104 259 63 58 246 117
35 14 58 103 38 11 120 41
37 12 48 85 39 10 105 28
22 14 38 76 26 10 81 33
26 10 44 100 33 9 118 50
46 18 30 122 34 38 121 50
24 25 52 81 37 12 100 33
22 3 41 49 26 4 86 22
29 20 49 98 44 12 123 45
33 16 29 104 26 23 103 30
30 19 49 84 41 15 116 36
30 91 194 81 54 67 193 82
12 52 89 63 29 43 106 65
0 36 53 61 20 22 85 48
12 52 96 48 25 47 104 58
4 32 57 45 18 18 56 46
8 56 104 64 32 32 126 42
4 32 61 77 22 20 105 56
8 41 72 54 30 19 92 34
0 36 63 39 26 10 89 13
2 34 64 26 26 16 83 22
2 34 70 44 30 12 103 30
11 53 91 61 23 41 80 72
4 45 74 52 27 29 89 55
12 52 93 91 21 43 125 59
1 35 71 49 28 14 99 41
8 41 85 48 26 30 98 54
6 43 69 50 27 22 67 52
0 36 61 47 29 13 106 20
6 43 74 45 25 24 95 24
33 67 111 139 20 80 110 140
9 55 87 65 33 39 101 70
1 35 70 44 24 12 91 23
14 22 52 50 3 33 58 44
1 35 64 50 28 14 105 28
24 40 101 51 17 47 111 41
4 32 61 77 22 20 105 56
6 43 68 51 19 30 66 53
6 58 87 65 32 32 92 60
1 24 49 46 14 16 58 56
4 45 75 51 26 23 80 46
3 46 74 45 28 21 86 33
4 45 79 54 23 26 88 45
0 49 86 61 37 12 123 24
18 103 191 183 56 65 295 79
6 43 67 52 20 29 64 55
7 57 94 74 36 36 137 52
6 43 76 50 23 26 80 46
1 48 83 57 40 16 126 34
0 36 61 47 24 18 86 40
4 32 58 50 14 22 53 55
1 35 70 44 24 12 91 23
0 36 60 48 24 18 77 49
4 32 63 45 17 25 69 57
16 48 100 60 21 43 88 72
37 27 94 98 4 68 131 85
2 47 70 49 36 13 95 24
9 27 45 39 8 34 55 43
4 45 75 51 31 18 87 39
0 36 57 45 22 20 74 45
2 34 62 52 19 17 68 46
6 75 92 115 36 45 146 61
0 36 69 45 27 15 93 40
6 43 71 48 26 23 78 41
4 45 81 52 22 27 106 27
1 48 86 61 27 29 121 47
6 43 85 48 28 21 90 43
23 26 98 49 10 46 103 65
2 47 71 48 37 12 100 19
2 34 70 38 26 10 82 26
0 49 81 66 33 23 131 37
9 40 76 36 23 26 72 40
2 47 83 57 28 28 92 68
12 52 96 48 25 47 104 58
3 46 66 60 21 35 70 74
0 36 57 45 31 11 93 26
0 25 33 57 15 15 57 51
0 25 39 46 12 18 53 49
0 36 64 56 30 12 104 36
6 43 75 51 26 23 95 31
3 61 97 87 31 33 102 82
9 40 88 52 23 33 92 68
5 44 70 77 22 34 78 90
8 41 89 44 25 24 94 39
1 63 82 86 34 30 86 82
4 45 63 49 32 17 73 39
1 48 75 65 37 19 109 51
2 34 64 56 17 19 50 70
19 45 83 101 13 59 109 98
0 25 48 37 16 14 60 42
4 45 77 70 22 34 81 87
3 46 78 62 23 33 83 77
25 96 166 87 69 52 216 37
4 45 78 48 30 19 80 46
11 38 84 35 26 23 98 21
4 60 96 72 38 26 127 41
2 47 87 53 31 25 97 63
15 49 108 60 26 38 136 32
4 45 81 59 30 26 113 47
2 34 61 47 26 16 97 29
10 39 78 55 18 31 80 53
2 47 69 57 29 20 81 45
0 36 61 53 26 16 102 31
4 45 80 95 24 32 97 103
5 44 88 59 22 34 85 83
0 25 55 45 15 15 54 66
1 48 74 59 34 22 113 39
7 42 79 47 26 30 95 49
0 49 62 106 24 25 93 75
4 45 77 49 33 16 110 16
2 47 77 49 30 19 101 25
97 24 195 135 87 34 226 104
72 28 181 99 66 34 168 112
44 5 109 24 32 24 111 41
43 6 76 64 33 16 95 45
24 1 55 35 28 2 58 50
39 10 60 59 28 21 89 30
47 2 105 49 40 16 113 63
33 16 67 59 30 19 87 39
29 7 78 36 35 7 82 51
33 3 60 36 28 14 78 34
35 14 76 50 36 13 98 28
26 23 87 32 47 2 89 30
40 9 99 55 48 8 118 58
33 3 63 33 29 13 76 36
79 21 147 113 58 42 173 87
40 9 108 46 48 8 113 63
47 2 104 43 37 12 101 46
35 14 76 71 34 15 85 62
33 3 84 30 32 4 80 34
96 25 199 109 83 38 224 84
33 3 87 33 26 10 80 40
41 8 85 55 25 24 97 43
29 7 78 36 35 7 82 51
35 1 74 46 35 7 83 57
33 3 62 70 25 11 73 59
75 6 180 45 62 28 177 73
33 3 87 27 36 6 89 44
87 13 155 95 72 38 194 81
68 32 149 141 52 58 202 117
33 16 79 54 30 19 79 54
30 6 84 42 29 7 69 57
25 11 73 47 31 11 73 67
31 5 85 29 39 3 88 45
70 30 169 81 62 38 185 65
33 16 79 54 30 19 79 54
93 7 201 39 66 34 189 51
32 17 77 63 30 19 93 47
33 3 59 43 28 8 68 34
31 5 73 35 35 1 78 30
27 9 54 60 28 14 84 49
77 23 180 60 62 38 181 59
84 37 157 96 61 71 205 71
34 2 70 38 25 11 69 39
26 10 98 28 33 9 100 47
66 15 158 94 63 27 184 96
40 9 56 70 20 29 85 41
71 10 45 81 38 52 101 39
43 6 77 56 29 27 103 49
49 15 126 66 41 23 119 73
35 14 94 67 28 21 93 68
41 8 87 39 34 15 88 38
45 4 82 44 28 21 90 36
35 1 92 28 38 4 99 41
24 12 86 22 38 4 91 35
25 11 50 94 26 10 65 79
35 1 93 21 37 5 96 37
46 3 58 61 22 27 84 35
29 7 91 17 30 6 81 27
33 31 101 51 42 22 111 41
34 15 84 35 34 15 90 29
87 13 158 112 71 39 177 120
40 9 70 70 40 16 86 74
29 7 75 39 37 5 85 48
44 5 92 48 35 14 86 54
31 5 67 41 21 15 65 43
34 2 77 37 24 12 79 35
32 4 92 28 36 6 85 55
34 2 86 28 30 12 90 43
26 10 62 52 29 13 85 48
51 13 100 44 43 21 110 34
45 4 92 55 45 11 108 60
65 16 196 47 81 9 198 72
26 10 77 31 33 9 85 41
38 11 89 37 35 14 94 32
29 7 75 39 37 5 85 48
29 7 71 49 31 11 95 45
30 19 87 60 40 16 96 72
45 4 113 41 32 24 108 68
42 7 106 55 46 10 116 68
31 5 68 52 26 16 89 51
30 6 62 52 29 13 83 50
43 6 80 53 29 20 85 48
82 18 195 65 79 21 202 58
26 10 87 63 19 23 127 48
31 5 83 49 28 14 83 71
41 8 100 47 33 16 93 54
83 17 184 66 68 32 189 61
41 8 87 60 34 22 100 68
23 13 81 39 33 9 88 52
45 4 119 35 32 24 108 68
87 13 213 47 71 29 206 54
30 19 83 64 41 15 102 66
34 2 79 53 31 11 81 73
84 16 195 95 77 33 210 109
30 6 60 54 33 9 86 47
40 9 75 72 38 18 92 76
34 2 81 33 32 4 74 40
17 8 57 38 22 8 61 53
29 7 73 35 34 8 89 37
33 16 85 62 35 14 92 55
4 32 75 39 21 15 79 35
1 35 77 31 28 14 96 30
0 36 81 51 27 15 97 57
6 30 84 24 24 18 87 39
9 27 88 20 22 20 87 39
8 56 121 39 49 15 125 35
1 35 73 41 28 14 101 32
3 46 87 46 35 14 91 42
5 139 238 146 103 41 259 125
21 79 190 70 53 47 181 79
7 57 125 35 50 22 144 36
15 34 106 34 25 24 94 46
1 35 81 39 27 15 93 47
35 65 205 45 37 63 188 62
6 58 115 45 49 15 127 33
8 41 106 20 28 21 100 26
3 33 69 33 23 13 69 33
1 35 84 30 30 12 100 33
39 10 129 25 44 5 111 43
2 34 73 35 26 16 94 32
2 34 75 39 26 16 89 44
32 4 98 10 34 2 87 21
17 32 95 24 20 29 88 31
2 34 75 39 26 16 89 44
7 57 125 35 50 22 144 36
1 35 89 43 25 17 97 57
5 44 86 40 25 24 95 31
26 10 95 25 32 10 99 41
16 33 102 31 18 31 90 43
19 30 106 27 15 34 94 39
5 44 86 40 25 24 95 31
15 34 102 24 22 27 90 36
27 9 80 40 33 9 77 63
8 56 121 39 49 15 125 35
14 35 96 37 24 32 108 44
4 45 91 35 31 18 95 31
8 28 70 38 15 21 67 41
4 32 79 29 24 12 83 25
6 43 83 43 28 21 86 40
2 34 74 34 25 11 81 27
27 9 123 15 40 2 116 45
0 49 99 90 38 18 157 59
0 36 79 47 23 13 67 59
7 29 87 27 28 14 102 31
1 35 78 36 28 14 96 37
0 36 79 41 29 13 108 32
33 16 99 27 21 28 81 45
1 35 89 43 25 17 97 57
6 43 103 30 42 14 122 30
18 31 110 30 15 34 97 43
19 81 212 48 69 31 216 44
3 33 81 27 27 9 84 24
1 48 101 53 34 15 110 44
5 31 88 26 24 18 89 44
6 58 115 45 49 15 127 33
5 31 88 26 23 19 90 43
1 35 70 44 29 13 95 38
0 36 92 40 30 12 111 43
4 96 175 95 69 31 198 72
0 36 80 52 24 18 105 49
12 37 104 36 23 26 92 48
1 35 76 32 26 16 93 33
6 43 89 37 28 21 95 31
4 45 102 31 36 20 116 36
6 30 83 25 24 18 89 37
4 45 92 41 31 18 70 63
5 76 166 59 59 31 190 60
5 44 93 47 25 24 95 45
4 45 106 41 30 19 104 43
5 95 185 85 65 35 192 78
1 35 69 51 25 17 86 54
6 30 88 32 24 18 92 48
3 33 81 33 26 16 90 43
13 36 89 37 21 28 85 41
1 35 83 37 24 18 95 45
2 34 79 35 29 13 95 38
8 41 96 37 31 25 109 43
7 29 89 37 20 22 95 52
36 13 105 21 45 11 100 44
1 35 76 32 27 15 94 32
0 25 70 45 17 13 89 49
0 36 73 41 26 16 102 31
4 45 92 41 32 17 92 41
4 45 107 54 28 21 109 52
1 48 80 32 27 29 104 24
3 46 102 45 30 26 103 65
37 63 210 40 40 70 210 65
6 30 86 22 24 18 92 34
2 34 77 31 35 7 91 35
4 32 81 27 28 14 96 30
3 33 82 26 29 13 98 28
4 32 81 33 23 19 92 41
2 34 72 36 22 14 76 32
0 36 74 52 26 16 84 63
10 26 74 22 16 20 69 27
0 36 90 42 29 13 111 43
5 31 74 28 28 14 96 23
2 34 86 34 28 14 91 49
14 35 94 32 24 25 90 36
10 39 106 27 30 26 110 42
34 2 44 70 36 0 56 58
93 7 115 145 107 3 140 146
34 2 54 54 34 2 46 62
33 3 35 73 39 3 60 66
35 1 47 79 36 0 68 58
65 16 108 153 71 10 87 174
85 59 134 190 129 15 116 208
91 9 97 163 96 4 134 126
30 6 52 62 32 4 56 58
30 6 52 62 32 4 56 58
99 22 124 162 109 12 167 119
46 3 61 100 48 1 70 91
34 2 36 78 42 0 84 49
34 2 52 56 36 0 51 57
30 6 56 58 37 5 55 78
27 9 33 87 40 2 86 54
33 3 31 89 42 0 79 61
35 1 40 74 42 0 76 57
93 28 132 187 119 13 190 158
43 6 47 107 47 2 79 75
29 7 58 62 39 3 61 79
34 2 50 70 42 0 60 80
32 4 27 75 41 1 68 51
33 3 46 68 40 2 63 70
30 19 37 96 46 3 79 54
65 16 109 134 80 10 131 139
68 13 125 118 85 5 140 130
65 16 109 116 89 1 104 146
104 17 132 187 113 8 160 159
3 46 70 161 21 35 164 100
79 42 115 160 125 7 116 184
91 9 102 148 98 2 124 126
86 14 89 151 97 3 83 157
111 10 138 181 127 5 128 220
47 2 70 91 54 2 63 121
34 2 40 68 35 1 52 56
62 2 75 165 71 1 178 92
34 2 38 76 34 2 58 56
22 3 26 64 29 1 42 66
24 12 31 77 34 2 69 39
32 4 36 78 41 1 71 62
35 1 42 66 41 1 62 64
88 12 145 145 107 3 138 181
33 3 36 78 42 0 73 60
25 11 46 74 39 3 57 83
36 13 64 90 52 4 61 115
45 4 56 70 46 3 49 77
75 6 101 133 71 10 137 97
34 2 45 75 41 1 60 80
24 12 44 64 35 1 49 59
34 2 50 70 42 0 60 80
74 7 93 141 89 1 141 119
73 8 111 159 86 4 133 167
27 22 78 104 21 28 103 79
28 8 50 64 35 1 47 67
30 19 66 95 45 11 65 119
42 7 38 116 43 6 59 95
31 5 45 75 37 5 68 72
33 3 31 89 42 0 79 61
30 6 46 74 38 4 75 65
22 14 37 71 33 3 53 55
33 3 49 71 34 2 44 76
32 4 52 68 36 0 53 67
17 8 10 95 22 8 40 86
35 14 55 92 45 4 41 106
47 2 66 102 54 2 83 109
32 4 43 71 35 1 42 72
45 4 39 101 45 4 77 63
34 2 38 76 35 1 60 54
24 1 13 77 25 0 46 44
31 5 48 72 36 6 78 62
39 10 54 93 41 8 51 96
21 15 23 85 40 2 71 55
35 1 63 63 40 2 64 83
33 3 27 81 40 2 74 52
45 4 58 96 49 0 56 98
30 6 35 79 40 2 60 73
24 1 18 82 28 2 72 48
59 22 94 149 78 3 114 129
48 1 33 107 48 1 71 69
34 2 46 68 41 1 65 68
21 15 32 88 35 7 68 72
35 1 40 74 42 0 69 64
29 7 60 78 36 6 72 89
28 8 34 98 33 3 47 85
42 7 61 93 44 5 58 96
26 10 46 68 42 0 70 63
39 10 58 96 47 2 56 98
31 5 38 82 35 1 38 82
43 6 28 112 54 2 88 72
30 6 17 97 31 5 65 49
42 7 27 99 45 4 67 59
31 5 54 72 29 7 55 71
30 6 29 97 28 8 72 54
28 8 62 64 36 6 53 94
86 14 121 139 90 10 139 121
28 8 31 77 39 3 72 54
34 2 49 65 37 5 67 66
31 18 48 99 53 3 69 99
84 16 64 196 104 6 163 123
39 25 110 42 50 14 124 28
27 9 89 19 36 6 97 29
36 13 103 30 35 14 113 20
84 37 208 78 101 31 249 63
29 20 106 27 43 13 124 28
43 6 114 19 45 4 109 24
23 13 92 22 39 3 106 27
40 24 104 64 44 20 119 49
50 31 185 49 70 20 216 44
83 38 222 64 91 30 240 46
23 13 93 15 38 4 109 17
45 19 98 70 31 33 108 60
26 10 89 25 36 6 100 33
26 10 75 27 34 8 87 32
86 58 248 136 110 46 315 101
22 27 93 54 37 12 101 46
16 9 71 19 25 5 76 32
21 15 88 32 28 8 87 33
60 40 214 76 78 22 215 75
66 34 218 32 79 21 224 26
17 8 68 27 22 8 80 34
29 7 91 17 35 7 101 25
36 28 97 47 49 15 113 31
43 21 111 41 42 22 115 37
54 27 187 38 68 22 203 47
34 30 125 43 52 12 117 51
24 12 96 18 36 6 106 27
39 10 89 30 36 20 99 37
24 12 96 18 36 6 106 27
26 23 99 34 43 13 113 39
21 15 98 34 31 11 116 38
23 13 87 15 36 6 100 19
55 45 186 44 79 21 196 34
83 38 235 73 85 36 252 56
19 17 97 35 31 11 99 55
66 15 76 50 45 36 94 32
34 15 98 35 34 22 120 32
21 15 78 66 26 16 95 73
66 34 216 64 66 34 226 54
58 63 205 59 72 60 245 43
30 19 110 65 39 17 157 43
66 34 203 47 80 20 217 33
21 15 78 66 26 16 95 73
25 11 94 20 37 5 105 28
18 18 82 26 29 7 83 25
29 20 90 29 37 12 96 23
35 14 110 30 38 18 126 34
21 15 106 32 29 13 107 54
30 19 104 29 42 7 107 26
78 22 185 55 84 26 196 68
29 20 103 44 30 26 116 52
28 21 95 38 34 15 105 28
29 20 113 76 45 11 151 65
24 12 103 17 36 6 113 27
22 14 75 33 27 9 78 30
53 28 213 39 62 28 234 46
22 14 92 22 31 11 104 29
18 18 83 37 27 15 100 40
26 10 89 31 31 11 103 37
35 14 101 25 40 9 103 23
12 13 61 34 28 2 64 50
27 22 108 53 41 15 115 69
27 9 97 17 35 7 107 26
30 19 103 44 33 23 109 59
30 19 103 23 40 9 107 19
34 15 107 75 41 15 137 71
24 12 91 17 30 6 87 21
32 17 108 46 29 27 113 63
28 8 88 20 31 5 87 21
34 15 92 62 41 15 87 89
33 16 100 26 40 9 105 21
29 7 82 20 34 8 98 21
25 11 96 18 35 7 103 30
40 41 143 37 74 7 122 58
23 13 79 35 28 8 83 31
26 10 89 31 31 11 103 37
32 17 98 21 40 9 106 13
30 19 104 22 44 5 101 25
30 19 93 54 38 18 112 56
30 51 131 49 82 8 135 65
25 11 82 32 30 6 82 32
26 23 106 20 41 8 103 23
16 9 71 19 25 5 76 32
34 15 109 24 46 10 125 27
31 33 125 67 46 18 129 63
24 1 82 13 30 0 82 32
36 45 135 45 80 10 134 66
22 14 74 34 28 8 76 32
18 18 75 45 32 10 90 50
28 21 89 44 35 21 112 40
20 16 85 29 33 9 105 28
24 12 84 24 29 7 92 16
44 20 116 36 49 15 124 28
33 16 97 36 34 15 104 29
45 19 121 31 54 10 141 11
34 15 92 34 36 20 112 32
91 30 205 70 92 29 240 35
34 15 128 40 38 18 139 53
17 19 76 38 29 7 83 31
22 14 95 37 31 11 104 50
69 31 141 119 70 30 206 54
68 53 187 99 81 40 182 104
25 11 70 44 36 6 87 46
35 14 52 102 32 24 115 61
82 39 206 124 90 31 152 178
74 26 153 97 79 21 163 87
35 14 91 63 36 13 76 78
20 16 67 35 30 6 61 41
20 16 57 63 33 9 84 56
14 11 36 54 24 6 69 39
92 29 161 92 91 30 226 27
58 23 160 56 75 15 137 103
30 6 83 25 39 3 104 22
24 12 79 53 36 6 97 57
37 12 54 100 31 25 114 62
66 34 124 156 65 45 152 156
80 41 208 122 89 32 157 173
103 18 164 89 93 28 230 23
29 20 74 66 42 14 80 80
96 25 138 115 95 37 235 41
35 14 77 56 32 17 78 55
23 58 56 160 66 24 138 102
83 38 166 219 100 32 217 203
67 33 150 140 69 31 177 113
28 21 80 53 41 8 68 65
25 11 70 50 25 11 79 41
37 12 114 61 51 5 150 50
37 12 73 67 43 13 114 46
23 13 79 29 37 5 78 48
30 19 91 42 37 12 78 55
25 11 70 38 35 7 85 41
25 11 75 33 28 8 61 47
19 17 83 25 28 8 70 38
45 19 80 72 45 19 103 49
29 20 72 75 38 11 93 54
23 13 67 47 35 7 88 45
22 14 48 72 26 16 77 63
26 10 79 35 33 9 70 63
19 17 79 41 33 3 61 59
22 14 54 72 27 15 77 70
72 28 124 116 74 26 163 77
61 20 119 106 65 25 176 74
27 9 55 59 33 9 98 35
23 13 64 50 38 4 85 48
25 39 72 96 60 12 104 85
19 6 48 42 21 4 49 41
54 27 140 85 77 13 157 93
27 22 106 55 47 9 114 70
18 18 68 40 36 6 78 48
36 13 78 62 39 10 98 42
23 13 72 36 36 6 85 41
21 15 62 58 31 11 107 33
32 17 73 67 35 14 71 69
17 8 31 59 21 4 60 30
21 15 35 67 24 12 64 38
15 21 48 60 19 23 60 66
36 13 83 50 43 13 96 56
30 19 60 66 36 13 86 40
34 15 56 84 37 12 88 52
3 13 45 43 17 3 57 53
68 32 118 122 84 26 185 79
32 17 73 60 37 12 75 58
32 17 73 53 39 10 82 44
35 14 75 65 34 15 76 64
24 12 61 41 31 5 63 39
33 16 68 72 39 10 83 57
27 9 64 62 34 8 99 48
24 12 71 43 30 12 85 48
36 13 59 60 34 15 90 29
28 21 69 99 38 18 104 88
24 12 56 46 30 6 66 36
36 13 60 66 42 14 97 47
29 20 66 74 37 12 83 57
30 19 83 50 36 13 76 57
55 26 170 91 66 24 148 142
23 13 66 48 34 8 81 52
19 17 53 61 30 12 91 42
29 7 71 43 33 9 83 50
22 14 55 71 27 15 80 67
25 11 89 25 39 3 80 53
75 25 172 78 80 20 169 81
31 18 73 60 40 9 90 43
15 10 48 62 24 1 58 52
19 6 66 29 27 3 79 35
14 11 52 48 26 4 70 50
29 20 81 52 41 8 84 49
25 24 75 86 34 22 92 92
10 15 55 50 23 7 67 59
73 27 172 78 76 24 151 99
23 13 59 43 26 10 76 26
18 7 36 69 22 8 66 60
32 17 100 47 42 7 74 73
22 14 45 69 26 10 69 45
29 20 85 62 41 15 80 88
21 15 57 69 26 16 74 73
24 12 58 68 30 12 76 71
22 14 65 55 36 6 85 55
34 15 74 59 41 8 86 47
32 17 71 55 34 15 69 57
19 17 63 63 30 6 79 47
